Nr probki	Sygnal pomiarowy
0	2,18017578
1	2,18017578
2	2,1875
3	2,19238281
4	2,18017578
5	2,20214844
6	2,29248047
7	2,24853516
8	2,30224609
9	2,29980469
10	2,24365234
11	2,21923828
12	2,23632813
13	2,29248047
14	2,24853516
15	2,21923828
16	2,23632813
17	2,25585938
18	2,30712891
19	2,28271484
20	2,24365234
21	2,23144531
22	2,21679688
23	2,25097656
24	2,28271484
25	2,31445313
26	2,24853516
27	2,27050781
28	2,23144531
29	2,26806641
30	2,25585938
31	2,18261719
32	2,32177734
33	2,34130859
34	2,29980469
35	2,34619141
36	2,34863281
37	2,32177734
38	2,35351563
39	2,33642578
40	2,39013672
41	2,35107422
42	2,29980469
43	2,24121094
44	2,35107422
45	2,39257813
46	2,37304688
47	2,36328125
48	2,29736328
49	2,28271484
50	2,26806641
51	2,29736328
52	2,31201172
53	2,31933594
54	2,26806641
55	2,32666016
56	2,32910156
57	2,34619141
58	2,37304688
59	2,34863281
60	2,36328125
61	2,33642578
62	2,34863281
63	2,29492188
64	2,27783203
65	2,34130859
66	2,39501953
67	2,37304688
68	2,31933594
69	2,29492188
70	2,31689453
71	2,29492188
72	2,31445313
73	2,30957031
74	2,28271484
75	2,29980469
76	2,29492188
77	2,29492188
78	2,33154297
79	2,35595703
80	2,29248047
81	2,27050781
82	2,2265625
83	2,24365234
84	2,28027344
85	2,28515625
86	2,26806641
87	2,26318359
88	2,26074219
89	2,23632813
90	2,25097656
91	2,27050781
92	2,30957031
93	2,26318359
94	2,23632813
95	2,22900391
96	2,22412109
97	2,16308594
98	2,16552734
99	2,18261719
100	2,18994141
101	2,17285156
102	2,16064453
103	2,19726563
104	2,20214844
105	2,17041016
106	2,16308594
107	2,17773438
108	2,13623047
109	2,05322266
110	2,13378906
111	2,01660156
112	1,98974609
113	1,95068359
114	1,93603516
115	1,92138672
116	1,93847656
117	1,94824219
118	1,91162109
119	1,85058594
120	1,81152344
121	1,88720703
122	1,88964844
123	1,87011719
124	1,84814453
125	1,86279297
126	1,87255859
127	1,84570313
128	1,87744141
129	1,796875
130	1,78955078
131	1,66015625
132	1,73828125
133	1,77734375
134	1,81884766
135	1,73583984
136	1,69921875
137	1,59667969
138	1,57470703
139	1,57470703
140	1,59667969
141	1,61865234
142	1,63818359
143	1,62353516
144	1,65283203
145	1,64794922
146	1,70410156
147	1,72851563
148	1,78222656
149	1,84082031
150	1,89941406
151	1,89453125
152	1,76513672
153	1,65527344
154	1,64794922
155	1,68701172
156	1,65283203
157	1,73339844
158	1,80664063
159	1,81152344
160	1,82861328
161	1,81396484
162	1,86523438
163	1,86767578
164	1,85791016
165	1,93847656
166	1,90917969
167	1,91894531
168	1,94335938
169	1,91650391
170	1,90917969
171	1,93603516
172	1,96044922
173	1,94335938
174	1,95068359
175	1,96289063
176	1,96533203
177	1,953125
178	1,92138672
179	1,94091797
180	1,96533203
181	1,97265625
182	1,92626953
183	1,85546875
184	1,88964844
185	1,93603516
186	1,91894531
187	1,89697266
188	1,91162109
189	1,94824219
190	1,94580078
191	1,92138672
192	1,95068359
193	1,98242188
194	1,98730469
195	1,98730469
196	1,97753906
197	1,97265625
198	1,97265625
199	1,97753906
200	1,96777344
201	1,96533203
202	1,95556641
203	1,96533203
204	1,953125
205	1,96533203
206	1,953125
207	1,97265625
208	1,97753906
209	2,00439453
210	1,99707031
211	1,99707031
212	2,02148438
213	2,02880859
214	2,02148438
215	2,02392578
216	2,04101563
217	2,05322266
218	2,05810547
219	2,06787109
220	2,04101563
221	2,05566406
222	2,06787109
223	2,08984375
224	2,08007813
225	2,09228516
226	2,07519531
227	2,09228516
228	2,109375
229	2,09472656
230	2,09716797
231	2,09228516
232	2,09716797
233	2,08740234
234	2,09472656
235	2,12646484
236	2,18017578
237	2,14599609
238	2,11669922
239	2,08740234
240	2,0703125
241	2,07763672
242	2,08251953
243	2,08984375
244	2,08007813
245	2,10693359
246	2,12646484
247	2,12646484
248	2,12158203
249	2,11425781
250	2,12890625
251	2,14599609
252	2,13378906
253	2,19726563
254	2,18017578
255	2,1875
256	2,19726563
257	2,19238281
258	2,18261719
259	2,16796875
260	2,16552734
261	2,12646484
262	2,15576172
263	2,13623047
264	2,09716797
265	2,11914063
266	2,12402344
267	2,13134766
268	2,13134766
269	2,19970703
270	2,20458984
271	2,18505859
272	2,19238281
273	2,17285156
274	2,18017578
275	2,18505859
276	2,14111328
277	2,14111328
278	2,1875
279	2,18017578
280	2,15332031
281	2,21435547
282	2,17529297
283	2,18261719
284	2,15820313
285	2,17773438
286	2,18505859
287	2,20214844
288	2,18505859
289	2,18261719
290	2,19970703
291	2,22167969
292	2,265625
293	2,25830078
294	2,25097656
295	2,26318359
296	2,265625
297	2,25585938
298	2,29980469
299	2,25097656
300	2,23388672
301	2,24365234
302	2,27539063
303	2,26806641
304	2,25585938
305	2,20947266
306	2,2265625
307	2,21191406
308	2,27539063
309	2,27539063
310	2,24365234
311	2,24121094
312	2,24121094
313	2,23876953
314	2,22167969
315	2,19726563
316	2,20458984
317	2,19970703
318	2,22167969
319	2,22900391
320	2,20947266
321	2,19482422
322	2,25585938
323	2,27050781
324	2,31445313
325	2,31689453
326	2,29492188
327	2,35595703
328	2,30712891
329	2,29248047
330	2,26074219
331	2,265625
332	2,27050781
333	2,26318359
334	2,27294922
335	2,23388672
336	2,26074219
337	2,23144531
338	2,28271484
339	2,27050781
340	2,33398438
341	2,35595703
342	2,32910156
343	2,32177734
344	2,28759766
345	2,31201172
346	2,35351563
347	2,31201172
348	2,31445313
349	2,34375
350	2,32177734
351	2,31689453
352	2,30712891
353	2,30224609
354	2,30957031
355	2,31689453
356	2,30712891
357	2,24365234
358	2,29003906
359	2,27294922
360	2,32421875
361	2,33398438
362	2,37304688
363	2,40722656
364	2,42919922
365	2,44140625
366	2,45117188
367	2,44873047
368	2,44628906
369	2,41699219
370	2,41699219
371	2,36816406
372	2,41699219
373	2,37304688
374	2,39746094
375	2,36572266
376	2,37792969
377	2,3828125
378	2,3828125
379	2,37304688
380	2,37060547
381	2,36328125
382	2,35351563
383	2,37304688
384	2,32666016
385	2,30224609
386	2,32666016
387	2,29492188
388	2,29980469
389	2,31201172
390	2,33154297
391	2,29980469
392	2,30224609
393	2,31933594
394	2,34619141
395	2,32177734
396	2,31201172
397	2,3046875
398	2,29248047
399	2,28271484
400	2,27050781
401	2,28515625
402	2,27294922
403	2,23388672
404	2,23388672
405	2,18261719
406	2,20458984
407	2,20458984
408	2,19482422
409	2,16064453
410	2,15576172
411	2,16552734
412	2,13134766
413	2,1484375
414	2,19482422
415	2,20703125
416	2,15820313
417	2,15087891
418	2,15332031
419	2,13867188
420	2,13867188
421	2,12402344
422	2,14111328
423	2,12158203
424	2,06542969
425	2,05810547
426	2,06298828
427	2,06054688
428	1,97509766
429	1,97021484
430	1,93847656
431	1,953125
432	1,96533203
433	1,90429688
434	1,85058594
435	1,85058594
436	1,79931641
437	1,8359375
438	1,91650391
439	1,90429688
440	1,87744141
441	1,90185547
442	1,73583984
443	1,79443359
444	1,90429688
445	1,9140625
446	1,93115234
447	1,87255859
448	1,83837891
449	1,90673828
450	1,82617188
451	1,78710938
452	1,76025391
453	1,78955078
454	1,75292969
455	1,77246094
456	1,63085938
457	1,47949219
458	1,39160156
459	1,32080078
460	1,26708984
461	1,23046875
462	1,26953125
463	1,34521484
464	1,40625
465	1,43554688
466	1,44775391
467	1,44287109
468	1,42333984
469	1,37695313
470	1,38671875
471	1,70166016
472	1,86767578
473	1,82617188
474	1,84326172
475	1,84082031
476	1,75292969
477	1,56738281
478	1,65039063
479	1,74072266
480	1,796875
481	1,81152344
482	1,80664063
483	1,79443359
484	1,85058594
485	1,87011719
486	1,87255859
487	1,86279297
488	1,91650391
489	1,92138672
490	1,90185547
491	1,92138672
492	1,93115234
493	1,94580078
494	1,94824219
495	1,94335938
496	1,953125
497	1,96044922
498	1,95800781
499	1,90917969
500	1,90185547
501	1,93359375
502	1,91162109
503	1,90673828
504	1,93115234
505	1,87744141
506	1,87744141
507	1,92626953
508	1,94335938
509	1,875
510	1,88964844
511	1,88476563
512	1,88964844
513	1,91650391
514	1,87011719
515	1,84326172
516	1,92138672
517	1,96777344
518	1,94824219
519	1,93115234
520	1,94580078
521	1,95068359
522	1,97753906
523	1,96533203
524	1,97265625
525	1,97753906
526	1,96533203
527	1,95800781
528	1,98974609
529	2,00439453
530	2,00195313
531	1,97998047
532	1,97509766
533	1,99951172
534	2,01660156
535	2,02392578
536	2,01660156
537	2,02880859
538	2,02392578
539	2,04101563
540	2,03857422
541	2,04101563
542	2,05078125
543	2,06787109
544	2,08007813
545	2,06542969
546	2,03857422
547	2,05566406
548	2,05566406
549	2,06787109
550	2,09716797
551	2,07275391
552	2,06298828
553	2,08007813
554	2,10449219
555	2,08007813
556	2,08984375
557	2,06787109
558	2,05810547
559	2,05078125
560	2,03613281
561	2,07275391
562	2,06787109
563	2,04345703
564	2,06054688
565	2,09228516
566	2,13134766
567	2,14599609
568	2,10449219
569	2,10693359
570	2,08984375
571	2,08984375
572	2,11425781
573	2,14355469
574	2,11425781
575	2,10205078
576	2,11914063
577	2,10693359
578	2,12646484
579	2,12158203
580	2,16552734
581	2,17285156
582	2,18017578
583	2,18017578
584	2,1484375
585	2,15820313
586	2,16064453
587	2,15820313
588	2,14355469
589	2,12646484
590	2,13378906
591	2,1484375
592	2,14355469
593	2,15820313
594	2,14355469
595	2,12890625
596	2,1484375
597	2,17773438
598	2,20947266
599	2,15576172
600	2,12402344
601	2,13378906
602	2,14599609
603	2,13867188
604	2,13378906
605	2,23632813
606	2,25097656
607	2,23144531
608	2,17285156
609	2,19726563
610	2,21435547
611	2,21679688
612	2,24121094
613	2,20703125
614	2,22167969
615	2,21923828
616	2,18994141
617	2,21191406
618	2,26318359
619	2,26806641
620	2,23876953
621	2,25585938
622	2,25341797
623	2,24853516
624	2,22900391
625	2,29492188
626	2,24365234
627	2,25585938
628	2,23388672
629	2,26318359
630	2,23388672
631	2,27294922
632	2,32910156
633	2,32421875
634	2,27539063
635	2,33642578
636	2,34863281
637	2,26806641
638	2,25097656
639	2,23632813
640	2,25097656
641	2,25097656
642	2,20703125
643	2,23876953
644	2,29980469
645	2,32421875
646	2,28759766
647	2,31689453
648	2,28027344
649	2,32666016
650	2,39013672
651	2,34619141
652	2,33886719
653	2,34130859
654	2,33154297
655	2,30712891
656	2,28759766
657	2,31933594
658	2,29248047
659	2,32666016
660	2,28271484
661	2,31201172
662	2,27783203
663	2,31445313
664	2,32421875
665	2,31201172
666	2,30712891
667	2,29492188
668	2,31933594
669	2,34130859
670	2,35351563
671	2,39746094
672	2,39013672
673	2,40478516
674	2,37548828
675	2,44384766
676	2,36816406
677	2,39257813
678	2,35351563
679	2,421875
680	2,34619141
681	2,32666016
682	2,31933594
683	2,37304688
684	2,37792969
685	2,37548828
686	2,37792969
687	2,37304688
688	2,39501953
689	2,39013672
690	2,37304688
691	2,31445313
692	2,36328125
693	2,32910156
694	2,34130859
695	2,37792969
696	2,35107422
697	2,28027344
698	2,35107422
699	2,41699219
700	2,39746094
701	2,38769531
702	2,39013672
703	2,32177734
704	2,32177734
705	2,33642578
706	2,35107422
707	2,35595703
708	2,33886719
709	2,36572266
710	2,32666016
711	2,33154297
712	2,32421875
713	2,33398438
714	2,36083984
715	2,36083984
716	2,34130859
717	2,34130859
718	2,35839844
719	2,34619141
720	2,33398438
721	2,33154297
722	2,32666016
723	2,36572266
724	2,34130859
725	2,33154297
726	2,30224609
727	2,24121094
728	2,27294922
729	2,27539063
730	2,29492188
731	2,25585938
732	2,28759766
733	2,25830078
734	2,27539063
735	2,27294922
736	2,27050781
737	2,27050781
738	2,25341797
739	2,26074219
740	2,26074219
741	2,25341797
742	2,24609375
743	2,22900391
744	2,21923828
745	2,16308594
746	2,1484375
747	2,11669922
748	2,12646484
749	2,12402344
750	2,15820313
751	2,13867188
752	2,16064453
753	2,0703125
754	2,05078125
755	2,07763672
756	2,01416016
757	2,03857422
758	2,05810547
759	2,11425781
760	2,11181641
761	2,0703125
762	1,97509766
763	1,98242188
764	1,89453125
765	1,87255859
766	1,88232422
767	1,89941406
768	1,87011719
769	1,89697266
770	1,90673828
771	1,82861328
772	1,87255859
773	1,88720703
774	1,86035156
775	1,91162109
776	1,93847656
777	1,82373047
778	1,76025391
779	1,7578125
780	1,80664063
781	1,81152344
782	1,82373047
783	1,79931641
784	1,69921875
785	1,59667969
786	1,56738281
787	1,55273438
788	1,5625
789	1,55273438
790	1,5234375
791	1,52099609
792	1,49902344
793	1,46240234
794	1,43310547
795	1,37695313
796	1,36962891
797	1,69921875
798	1,84082031
799	1,85546875
800	1,78222656
801	1,72851563
802	1,66259766
803	1,63085938
804	1,76269531
805	1,81152344
806	1,84814453
807	1,84570313
808	1,81396484
809	1,85546875
810	1,90185547
811	1,89941406
812	1,92138672
813	1,91650391
814	1,91650391
815	1,94335938
816	1,93603516
817	1,92626953
818	1,953125
819	1,95556641
820	1,93603516
821	1,94335938
822	1,94580078
823	1,96533203
824	1,97021484
825	1,97753906
826	1,97265625
827	1,97509766
828	1,97998047
829	1,98242188
830	1,97265625
831	1,92626953
832	1,92382813
833	1,98486328
834	1,99462891
835	1,94091797
836	1,97509766
837	1,99707031
838	1,98242188
839	1,98486328
840	1,97509766
841	1,96777344
842	1,98974609
843	1,98974609
844	1,97753906
845	1,96044922
846	1,97509766
847	1,97509766
848	1,97265625
849	1,98486328
850	1,96777344
851	1,97509766
852	1,96777344
853	1,9921875
854	1,98242188
855	1,94824219
856	1,98242188
857	1,97265625
858	1,98730469
859	2,01904297
860	2,00927734
861	2,00683594
862	2,00439453
863	2,02636719
864	2,01416016
865	2,02392578
866	2,03857422
867	2,02636719
868	2,02148438
869	2,02636719
870	2,06542969
871	2,0703125
872	2,05566406
873	2,08007813
874	2,12402344
875	2,11669922
876	2,07763672
877	2,07519531
878	2,11181641
879	2,109375
880	2,11181641
881	2,06542969
882	2,09228516
883	2,08007813
884	2,06542969
885	2,07519531
886	2,05322266
887	2,08007813
888	2,05810547
889	2,08496094
890	2,15332031
891	2,11914063
892	2,12158203
893	2,13134766
894	2,11669922
895	2,10693359
896	2,16064453
897	2,16064453
898	2,15820313
899	2,13378906
900	2,12890625
901	2,11425781
902	2,12402344
903	2,13378906
904	2,09960938
905	2,10449219
906	2,08251953
907	2,09960938
908	2,13867188
909	2,12402344
910	2,13378906
911	2,1484375
912	2,14599609
913	2,13378906
914	2,12646484
915	2,14111328
916	2,17285156
917	2,22167969
918	2,19238281
919	2,14355469
920	2,14355469
921	2,15332031
922	2,17529297
923	2,18017578
924	2,1875
925	2,18994141
926	2,15820313
927	2,16796875
928	2,17285156
929	2,18505859
930	2,17773438
931	2,19238281
932	2,16064453
933	2,15087891
934	2,16796875
935	2,19970703
936	2,17529297
937	2,16308594
938	2,17285156
939	2,19970703
940	2,2265625
941	2,20703125
942	2,21679688
943	2,18994141
944	2,18505859
945	2,20703125
946	2,25830078
947	2,265625
948	2,2265625
949	2,20703125
950	2,29492188
951	2,30957031
952	2,29003906
953	2,31201172
954	2,29248047
955	2,28271484
956	2,29492188
957	2,29980469
958	2,27783203
959	2,31201172
960	2,31689453
961	2,31689453
962	2,35595703
963	2,29736328
964	2,31445313
965	2,33886719
966	2,29248047
967	2,30957031
968	2,29736328
969	2,28515625
970	2,30712891
971	2,30712891
972	2,30957031
973	2,39501953
974	2,36083984
975	2,28027344
976	2,26074219
977	2,26074219
978	2,31933594
979	2,36083984
980	2,31445313
981	2,33154297
982	2,33642578
983	2,39746094
984	2,42919922
985	2,41455078
986	2,35839844
987	2,32666016
988	2,30957031
989	2,33886719
990	2,36083984
991	2,32910156
992	2,31201172
993	2,29980469
994	2,29736328
995	2,3046875
996	2,37304688
997	2,38525391
998	2,39746094
999	2,38525391
1000	2,34619141
1001	2,41455078
1002	2,44140625
1003	2,40478516
1004	2,37548828
1005	2,35595703
1006	2,36083984
1007	2,39013672
1008	2,34130859
1009	2,34375
1010	2,37548828
1011	2,34375
1012	2,37060547
1013	2,39746094
1014	2,31689453
1015	2,37304688
1016	2,45849609
1017	2,42431641
1018	2,39990234
1019	2,40722656
1020	2,44384766
1021	2,43408203
1022	2,3828125
1023	2,45605469
1024	2,39257813
1025	2,35839844
1026	2,30712891
1027	2,31933594
1028	2,3046875
1029	2,34619141
1030	2,35839844
1031	2,34863281
1032	2,31689453
1033	2,28515625
1034	2,32666016
1035	2,35839844
1036	2,36572266
1037	2,29736328
1038	2,32177734
1039	2,31445313
1040	2,34619141
1041	2,39013672
1042	2,30712891
1043	2,31689453
1044	2,31201172
1045	2,30224609
1046	2,29003906
1047	2,33154297
1048	2,31445313
1049	2,3046875
1050	2,25341797
1051	2,23388672
1052	2,23876953
1053	2,28271484
1054	2,29980469
1055	2,28027344
1056	2,26318359
1057	2,26806641
1058	2,25341797
1059	2,28515625
1060	2,24609375
1061	2,20703125
1062	2,22900391
1063	2,19726563
1064	2,18505859
1065	2,20214844
1066	2,15576172
1067	2,18261719
1068	2,17285156
1069	2,16552734
1070	2,17285156
1071	2,13378906
1072	2,16308594
1073	2,16552734
1074	2,12158203
1075	2,09228516
1076	1,99462891
1077	1,92871094
1078	1,98974609
1079	1,99951172
1080	1,92382813
1081	1,86767578
1082	1,89453125
1083	1,87744141
1084	1,90429688
1085	1,89208984
1086	1,90917969
1087	2,00927734
1088	2,05078125
1089	1,96777344
1090	2,01904297
1091	1,91162109
1092	1,92871094
1093	1,88232422
1094	1,76269531
1095	1,81884766
1096	1,85058594
1097	1,76757813
1098	1,86523438
1099	1,77490234
1100	1,86523438
1101	1,72119141
1102	1,62109375
1103	1,49414063
1104	1,37207031
1105	1,29394531
1106	1,39160156
1107	1,49902344
1108	1,46728516
1109	1,45507813
1110	1,44042969
1111	1,41357422
1112	1,35498047
1113	1,33544922
1114	1,30371094
1115	1,27197266
1116	1,28173828
1117	1,26220703
1118	1,28173828
1119	1,69921875
1120	1,73339844
1121	1,74072266
1122	1,77490234
1123	1,84326172
1124	1,82617188
1125	1,71386719
1126	1,69921875
1127	1,70166016
1128	1,77001953
1129	1,81396484
1130	1,82128906
1131	1,86035156
1132	1,87744141
1133	1,87988281
1134	1,87744141
1135	1,87988281
1136	1,9140625
1137	1,91894531
1138	1,90673828
1139	1,92871094
1140	1,96533203
1141	1,953125
1142	1,93847656
1143	1,94335938
1144	1,93847656
1145	1,93603516
1146	1,953125
1147	1,97509766
1148	1,85058594
1149	1,88720703
1150	1,93115234
1151	1,92871094
1152	1,93603516
1153	1,92138672
1154	1,91894531
1155	1,89208984
1156	1,89453125
1157	1,89697266
1158	1,90917969
1159	1,88964844
1160	1,94824219
1161	1,96777344
1162	1,953125
1163	1,97509766
1164	1,98974609
1165	1,98730469
1166	1,97509766
1167	1,96777344
1168	1,96289063
1169	1,95800781
1170	1,96777344
1171	1,97021484
1172	1,96777344
1173	1,96777344
1174	1,96289063
1175	1,98486328
1176	1,9921875
1177	1,99951172
1178	2,03613281
1179	2,03613281
1180	2,00927734
1181	2,01171875
1182	2,00195313
1183	2,02392578
1184	2,01660156
1185	2,00439453
1186	2,04345703
1187	2,03613281
1188	2,03369141
1189	2,03613281
1190	2,05566406
1191	2,07763672
1192	2,05566406
1193	2,05322266
1194	2,09472656
1195	2,0703125
1196	2,09716797
1197	2,08496094
1198	2,13378906
1199	2,08984375
1200	2,07519531
1201	2,06054688
1202	2,08984375
1203	2,07275391
1204	2,08740234
1205	2,0703125
1206	2,09960938
1207	2,06787109
1208	2,06298828
1209	2,06054688
1210	2,0703125
1211	2,07763672
1212	2,12402344
1213	2,13134766
1214	2,11425781
1215	2,12646484
1216	2,11425781
1217	2,10693359
1218	2,12646484
1219	2,12158203
1220	2,11425781
1221	2,14111328
1222	2,10205078
1223	2,09960938
1224	2,12402344
1225	2,09228516
1226	2,13867188
1227	2,16064453
1228	2,12158203
1229	2,11914063
1230	2,10205078
1231	2,12890625
1232	2,13378906
1233	2,15820313
1234	2,13134766
1235	2,09472656
1236	2,11181641
1237	2,109375
1238	2,13623047
1239	2,13378906
1240	2,13623047
1241	2,16552734
1242	2,17773438
1243	2,16064453
1244	2,15820313
1245	2,14599609
1246	2,14355469
1247	2,15576172
1248	2,15820313
1249	2,15332031
1250	2,19970703
1251	2,22412109
1252	2,21923828
1253	2,23388672
1254	2,22900391
1255	2,24365234
1256	2,22412109
1257	2,21191406
1258	2,21435547
1259	2,18994141
1260	2,21191406
1261	2,19970703
1262	2,20214844
1263	2,19482422
1264	2,19238281
1265	2,15087891
1266	2,15332031
1267	2,19238281
1268	2,18261719
1269	2,21435547
1270	2,21435547
1271	2,21435547
1272	2,18017578
1273	2,15820313
1274	2,17285156
1275	2,19726563
1276	2,18261719
1277	2,19970703
1278	2,20703125
1279	2,21191406
1280	2,22412109
1281	2,21923828
1282	2,22167969
1283	2,19726563
1284	2,22167969
1285	2,18017578
1286	2,19238281
1287	2,21923828
1288	2,21923828
1289	2,22167969
1290	2,23876953
1291	2,26806641
1292	2,29248047
1293	2,25097656
1294	2,32421875
1295	2,27539063
1296	2,25585938
1297	2,25097656
1298	2,34130859
1299	2,34619141
1300	2,29980469
1301	2,24365234
1302	2,23632813
1303	2,25341797
1304	2,27050781
1305	2,27539063
1306	2,37548828
1307	2,37548828
1308	2,37792969
1309	2,47070313
1310	2,45605469
1311	2,42919922
1312	2,44628906
1313	2,43652344
1314	2,43408203
1315	2,36572266
1316	2,32421875
1317	2,30957031
1318	2,32177734
1319	2,31933594
1320	2,31201172
1321	2,33154297
1322	2,35595703
1323	2,37792969
1324	2,31445313
1325	2,36083984
1326	2,33154297
1327	2,32421875
1328	2,35839844
1329	2,36816406
1330	2,39990234
1331	2,39013672
1332	2,36328125
1333	2,40966797
1334	2,34375
1335	2,34130859
1336	2,32666016
1337	2,35351563
1338	2,41455078
1339	2,39257813
1340	2,36572266
1341	2,39501953
1342	2,40722656
1343	2,38037109
1344	2,34619141
1345	2,39501953
1346	2,37792969
1347	2,38525391
1348	2,41699219
1349	2,44873047
1350	2,40966797
1351	2,43896484
1352	2,39746094
1353	2,38769531
1354	2,41699219
1355	2,41943359
1356	2,39013672
1357	2,421875
1358	2,34619141
1359	2,32910156
1360	2,33886719
1361	2,33154297
1362	2,33886719
1363	2,33642578
1364	2,33886719
1365	2,34863281
1366	2,32177734
1367	2,30957031
1368	2,34619141
1369	2,37060547
1370	2,34619141
1371	2,34130859
1372	2,32910156
1373	2,35595703
1374	2,33154297
1375	2,35839844
1376	2,35107422
1377	2,32177734
1378	2,33398438
1379	2,30712891
1380	2,30712891
1381	2,27539063
1382	2,26318359
1383	2,27539063
1384	2,29736328
1385	2,28027344
1386	2,26806641
1387	2,29003906
1388	2,26318359
1389	2,2265625
1390	2,21435547
1391	2,27539063
1392	2,23632813
1393	2,22167969
1394	2,22900391
1395	2,22900391
1396	2,15576172
1397	2,20214844
1398	2,10205078
1399	2,02148438
1400	2,02880859
1401	2,12402344
1402	2,14111328
1403	2,13867188
1404	2,14111328
1405	2,109375
1406	2,03613281
1407	2,0703125
1408	2,03613281
1409	1,99951172
1410	1,9921875
1411	2,04101563
1412	2,10693359
1413	2,12402344
1414	2,09960938
1415	2,06542969
1416	2,01904297
1417	2,00195313
1418	2,03613281
1419	2,04101563
1420	2,01660156
1421	1,93359375
1422	1,87744141
1423	1,82373047
1424	1,71142578
1425	1,75048828
1426	1,84082031
1427	1,77734375
1428	1,73095703
1429	1,76025391
1430	1,72607422
1431	1,6796875
1432	1,62597656
1433	1,5625
1434	1,53076172
1435	1,484375
1436	1,45507813
1437	1,44042969
1438	1,41601563
1439	1,45263672
1440	1,47460938
1441	1,45507813
1442	1,40625
1443	1,31591797
1444	1,65771484
1445	1,83105469
1446	1,875
1447	1,91162109
1448	1,87988281
1449	1,84326172
1450	1,74316406
1451	1,73583984
1452	1,796875
1453	1,81884766
1454	1,83105469
1455	1,85791016
1456	1,86035156
1457	1,89208984
1458	1,87011719
1459	1,875
1460	1,87011719
1461	1,88232422
1462	1,89697266
1463	1,90185547
1464	1,91894531
1465	1,93115234
1466	1,93115234
1467	1,94335938
1468	1,96533203
1469	1,98242188
1470	1,97998047
1471	1,98486328
1472	1,98486328
1473	1,99707031
1474	2,03613281
1475	1,99462891
1476	2,02148438
1477	2,02636719
1478	1,99951172
1479	1,99707031
1480	2,00683594
1481	1,97509766
1482	1,97753906
1483	1,96533203
1484	2,00927734
1485	2,01904297
1486	2,01171875
1487	2,00683594
1488	2,00195313
1489	2,00439453
1490	1,99951172
1491	1,98486328
1492	1,97021484
1493	1,97021484
1494	1,96777344
1495	1,97753906
1496	1,97509766
1497	1,97998047
1498	1,97265625
1499	1,97998047
1500	1,97753906
1501	1,96289063
1502	1,99951172
1503	2,01171875
1504	2,02880859
1505	2,02880859
1506	2,02636719
1507	2,00195313
1508	2,03369141
1509	2,03369141
1510	2,02636719
1511	2,00927734
1512	2,01416016
1513	2,01416016
1514	2,02392578
1515	2,05078125
1516	2,07763672
1517	2,08496094
1518	2,04345703
1519	2,0703125
1520	2,08496094
1521	2,08984375
1522	2,09716797
1523	2,10205078
1524	2,08496094
1525	2,05322266
1526	2,08007813
1527	2,07519531
1528	2,06542969
1529	2,07763672
1530	2,10693359
1531	2,13623047
1532	2,14355469
1533	2,12158203
1534	2,13623047
1535	2,13867188
1536	2,12158203
1537	2,11425781
1538	2,07275391
1539	2,09472656
1540	2,09472656
1541	2,10693359
1542	2,10693359
1543	2,13378906
1544	2,13378906
1545	2,13378906
1546	2,11425781
1547	2,13867188
1548	2,16064453
1549	2,19238281
1550	2,18017578
1551	2,1875
1552	2,19482422
1553	2,19238281
1554	2,17773438
1555	2,19726563
1556	2,19482422
1557	2,18017578
1558	2,16796875
1559	2,17285156
1560	2,18505859
1561	2,17773438
1562	2,16796875
1563	2,22412109
1564	2,2265625
1565	2,18994141
1566	2,17773438
1567	2,17773438
1568	2,16552734
1569	2,17529297
1570	2,18261719
1571	2,17773438
1572	2,17285156
1573	2,18261719
1574	2,19970703
1575	2,2265625
1576	2,21191406
1577	2,24365234
1578	2,23632813
1579	2,2265625
1580	2,19482422
1581	2,20947266
1582	2,20214844
1583	2,25830078
1584	2,27539063
1585	2,25585938
1586	2,29492188
1587	2,28271484
1588	2,28515625
1589	2,30957031
1590	2,28759766
1591	2,26806641
1592	2,23388672
1593	2,23144531
1594	2,2265625
1595	2,24121094
1596	2,25097656
1597	2,25830078
1598	2,24609375
1599	2,25341797
1600	2,2265625
1601	2,23144531
1602	2,25830078
1603	2,25585938
1604	2,30224609
1605	2,31933594
1606	2,28271484
1607	2,26074219
1608	2,26318359
1609	2,24365234
1610	2,21435547
1611	2,21435547
1612	2,22167969
1613	2,18994141
1614	2,18505859
1615	2,24365234
1616	2,265625
1617	2,27294922
1618	2,32666016
1619	2,28271484
1620	2,35595703
1621	2,41210938
1622	2,5
1623	2,42919922
1624	2,42919922
1625	2,39746094
1626	2,44140625
1627	2,42431641
1628	2,37304688
1629	2,37304688
1630	2,36816406
1631	2,40722656
1632	2,35595703
1633	2,33886719
1634	2,34863281
1635	2,34863281
1636	2,38769531
1637	2,39257813
1638	2,36572266
1639	2,35107422
1640	2,34130859
1641	2,29248047
1642	2,29003906
1643	2,26806641
1644	2,26318359
1645	2,23632813
1646	2,29003906
1647	2,33398438
1648	2,36083984
1649	2,40722656
1650	2,39013672
1651	2,33154297
1652	2,32910156
1653	2,3046875
1654	2,34375
1655	2,3828125
1656	2,36083984
1657	2,32910156
1658	2,30712891
1659	2,32666016
1660	2,30224609
1661	2,32421875
1662	2,35839844
1663	2,38525391
1664	2,32421875
1665	2,32177734
1666	2,34863281
1667	2,3828125
1668	2,39501953
1669	2,37792969
1670	2,38525391
1671	2,38769531
1672	2,3828125
1673	2,38525391
1674	2,44873047
1675	2,37304688
1676	2,32910156
1677	2,30712891
1678	2,32666016
1679	2,3046875
1680	2,33398438
1681	2,32421875
1682	2,37304688
1683	2,36572266
1684	2,38037109
1685	2,37548828
1686	2,32421875
1687	2,35595703
1688	2,34863281
1689	2,34619141
1690	2,33642578
1691	2,30957031
1692	2,36328125
1693	2,35595703
1694	2,37304688
1695	2,30957031
1696	2,31445313
1697	2,33642578
1698	2,32421875
1699	2,32177734
1700	2,34375
1701	2,29003906
1702	2,28027344
1703	2,30957031
1704	2,32421875
1705	2,33154297
1706	2,33886719
1707	2,30224609
1708	2,20703125
1709	2,11425781
1710	2,13378906
1711	2,18017578
1712	2,20214844
1713	2,21923828
1714	2,18017578
1715	2,16308594
1716	2,16308594
1717	2,16308594
1718	2,18994141
1719	2,21191406
1720	2,20458984
1721	2,12158203
1722	2,06054688
1723	2,02148438
1724	2,03613281
1725	1,97265625
1726	2,00439453
1727	2,00683594
1728	1,97753906
1729	2,00439453
1730	2,05322266
1731	2,00439453
1732	2,08007813
1733	2,08984375
1734	2,03857422
1735	1,92138672
1736	1,86767578
1737	1,90185547
1738	1,77978516
1739	1,95068359
1740	1,98486328
1741	1,93115234
1742	1,88476563
1743	1,84570313
1744	1,875
1745	1,86523438
1746	1,84814453
1747	1,89697266
1748	1,82373047
1749	1,82617188
1750	1,73583984
1751	1,65283203
1752	1,50390625
1753	1,41113281
1754	1,33544922
1755	1,39160156
1756	1,47216797
1757	1,53076172
1758	1,54785156
1759	1,55517578
1760	1,51611328
1761	1,45019531
1762	1,38183594
1763	1,33789063
1764	1,29638672
1765	1,45019531
1766	1,52099609
1767	1,46728516
1768	1,75537109
1769	1,84814453
1770	1,82617188
1771	1,77978516
1772	1,82128906
1773	1,76025391
1774	1,80419922
1775	1,77734375
1776	1,77001953
1777	1,79199219
1778	1,82373047
1779	1,84326172
1780	1,84570313
1781	1,90429688
1782	1,91162109
1783	1,89941406
1784	1,92626953
1785	1,93847656
1786	1,94091797
1787	1,93603516
1788	1,93359375
1789	1,96533203
1790	1,95068359
1791	1,95556641
1792	1,97753906
1793	1,96777344
1794	1,97021484
1795	1,96777344
1796	1,89208984
1797	1,88720703
1798	1,94091797
1799	1,92871094
1800	1,8359375
1801	1,82128906
1802	1,89208984
1803	1,89941406
1804	1,92871094
1805	1,85546875
1806	1,88964844
1807	1,92382813
1808	1,94091797
1809	1,96289063
1810	1,94335938
1811	1,93603516
1812	1,94824219
1813	1,94824219
1814	1,93847656
1815	1,94580078
1816	1,93603516
1817	1,94824219
1818	1,97509766
1819	1,98974609
1820	2,01171875
1821	2,03125
1822	2,01171875
1823	1,99462891
1824	1,97509766
1825	1,96289063
1826	1,93847656
1827	1,98486328
1828	2,00195313
1829	2,01171875
1830	2,02636719
1831	1,98486328
1832	2,01660156
1833	2,02880859
1834	2,03125
1835	2,05078125
1836	2,05810547
1837	2,00927734
1838	2,03857422
1839	2,03857422
1840	2,01171875
1841	2,05322266
1842	2,05566406
1843	2,08984375
1844	2,11425781
1845	2,09228516
1846	2,08984375
1847	2,08740234
1848	2,08007813
1849	2,0703125
1850	2,09228516
1851	2,08496094
1852	2,05810547
1853	2,07519531
1854	2,08740234
1855	2,07519531
1856	2,07763672
1857	2,09472656
1858	2,10693359
1859	2,15576172
1860	2,15820313
1861	2,11425781
1862	2,08740234
1863	2,08007813
1864	2,11425781
1865	2,14599609
1866	2,18505859
1867	2,15820313
1868	2,15087891
1869	2,14355469
1870	2,15332031
1871	2,14355469
1872	2,20458984
1873	2,18017578
1874	2,18017578
1875	2,1484375
1876	2,15820313
1877	2,13867188
1878	2,13623047
1879	2,1484375
1880	2,16796875
1881	2,21435547
1882	2,16552734
1883	2,14355469
1884	2,16308594
1885	2,18505859
1886	2,17773438
1887	2,20947266
1888	2,17773438
1889	2,15820313
1890	2,1484375
1891	2,15332031
1892	2,17285156
1893	2,16308594
1894	2,18505859
1895	2,15576172
1896	2,13623047
1897	2,11181641
1898	2,16552734
1899	2,12402344
1900	2,12646484
1901	2,14111328
1902	2,19726563
1903	2,17285156
1904	2,14355469
1905	2,14599609
1906	2,13378906
1907	2,15087891
1908	2,18261719
1909	2,18505859
1910	2,18017578
1911	2,16064453
1912	2,20214844
1913	2,19970703
1914	2,17041016
1915	2,16064453
1916	2,16796875
1917	2,15820313
1918	2,17041016
1919	2,18994141
1920	2,19970703
1921	2,16552734
1922	2,18017578
1923	2,14599609
1924	2,19238281
1925	2,19970703
1926	2,19482422
1927	2,24121094
1928	2,26074219
1929	2,28759766
1930	2,28515625
1931	2,20947266
1932	2,21435547
1933	2,23144531
1934	2,22412109
1935	2,20947266
1936	2,20703125
1937	2,24853516
1938	2,23876953
1939	2,22167969
1940	2,21435547
1941	2,21923828
1942	2,22900391
1943	2,23632813
1944	2,23388672
1945	2,22900391
1946	2,26318359
1947	2,25830078
1948	2,24121094
1949	2,28515625
1950	2,31445313
1951	2,35595703
1952	2,34130859
1953	2,30712891
1954	2,30712891
1955	2,27050781
1956	2,24121094
1957	2,22167969
1958	2,25585938
1959	2,22900391
1960	2,23876953
1961	2,27539063
1962	2,28271484
1963	2,28759766
1964	2,28759766
1965	2,28515625
1966	2,34863281
1967	2,33154297
1968	2,28759766
1969	2,29980469
1970	2,25585938
1971	2,22900391
1972	2,29492188
1973	2,32666016
1974	2,3828125
1975	2,40478516
1976	2,38525391
1977	2,32666016
1978	2,30712891
1979	2,27294922
1980	2,26074219
1981	2,23876953
1982	2,32910156
1983	2,29980469
1984	2,32666016
1985	2,33642578
1986	2,35839844
1987	2,37060547
1988	2,33642578
1989	2,3828125
1990	2,46826172
1991	2,43896484
1992	2,36083984
1993	2,39501953
1994	2,44628906
1995	2,40966797
1996	2,40478516
1997	2,40234375
1998	2,37060547
1999	2,37060547
