06231357829
05231583654
01250649223
06282096618
77100845916
52031491373
78051894451
06262817596
76011098826
06260742465
06311543292
51051039165
97041123252
82030811283
50031396285fdg
85101343869
95072563472
75010343524
66082522876
52030112929
70042173877
89111385299
63050751593
57020317632sdfg
67070999924
94071417799
68050996933
64111933154
77112599722
56010746692
04272631988
00260732354
91021075845
58060324763
54051969465
49111269256
89011565638
03231892424
51012363621
74050253565
76113018328
67051734979
71062273781
58071494914
98011973967
01310886119
08320863684
00270662975
92123033221
61091932492
82092922639
67081338879
97092668883
01281146852
57052043453
71100517824
05320815666
97122726844
02252886269
05211494666
56032517775
63121321663
96081293356
79012684555
62051633563
60090347195
61122856735
76061255363
81111746313
63122635837
79042028842
83051335217
61071984176
88022824271
72121814875
85031457788
74051386143
50110254996
61101827156
51022731667
98033099812
90102484374
93050554957
64101268332
70072978178
69020195435
68081397187
70090858117
64061756274
03320245812
81080422812
57062213756
77083182239
70070788254
68032926518
85061995342
89062571389
01213148589
02321029917
97051426325