% Column 0: Length, m
% Column 1: |B|, Tesla
0.00000000e+000	1.97499217e-001	
6.00400267e-003	1.96987065e-001	
1.20080053e-002	1.96474897e-001	
1.80120080e-002	1.95962742e-001	
2.40160107e-002	1.95357834e-001	
3.00200133e-002	1.94264333e-001	
3.60240160e-002	1.93047341e-001	
4.20280187e-002	1.91763196e-001	
4.80320213e-002	1.90479053e-001	
5.40360240e-002	1.89194912e-001	
6.00400267e-002	1.87910773e-001	
6.60440294e-002	1.86699693e-001	
7.20480320e-002	1.85544930e-001	
7.80520347e-002	1.84460230e-001	
8.40560374e-002	1.83529844e-001	
9.00600400e-002	1.82599567e-001	
9.60640427e-002	1.81669400e-001	
1.02068045e-001	1.80739345e-001	
1.08072048e-001	1.79809405e-001	
1.14076051e-001	1.78879579e-001	
1.20080053e-001	1.78008307e-001	
1.26084056e-001	1.77168569e-001	
1.32088059e-001	1.76250365e-001	
1.38092061e-001	1.75332349e-001	
1.44096064e-001	1.74414524e-001	
1.50100067e-001	1.73496892e-001	
1.56104069e-001	1.72579457e-001	
1.62108072e-001	1.71662222e-001	
1.68112075e-001	1.70745191e-001	
1.74116077e-001	1.69828365e-001	
1.80120080e-001	1.68865019e-001	
1.86124083e-001	1.67899822e-001	
1.92128085e-001	1.66934630e-001	
1.98132088e-001	1.65969442e-001	
2.04136091e-001	1.65004259e-001	
2.10140093e-001	1.64039080e-001	
2.16144096e-001	1.63278919e-001	
2.22148099e-001	1.62572207e-001	
2.28152101e-001	1.61865498e-001	
2.34156104e-001	1.61158790e-001	
2.40160107e-001	1.60452084e-001	
2.46164109e-001	1.59745380e-001	
2.52168112e-001	1.59038678e-001	
2.58172115e-001	1.58331978e-001	
2.64176117e-001	1.57564744e-001	
2.70180120e-001	1.56760302e-001	
2.76184123e-001	1.55955860e-001	
2.82188125e-001	1.55151418e-001	
2.88192128e-001	1.54423634e-001	
2.94196131e-001	1.53742015e-001	
3.00200133e-001	1.53060415e-001	
3.06204136e-001	1.52378835e-001	
3.12208139e-001	1.51697275e-001	
3.18212141e-001	1.51015735e-001	
3.24216144e-001	1.50334216e-001	
3.30220147e-001	1.49652718e-001	
3.36224149e-001	1.49010897e-001	
3.42228152e-001	1.48405620e-001	
3.48232155e-001	1.47799975e-001	
3.54236157e-001	1.47193409e-001	
3.60240160e-001	1.46586842e-001	
3.66244163e-001	1.45980276e-001	
3.72248165e-001	1.45373710e-001	
3.78252168e-001	1.44767144e-001	
3.84256171e-001	1.44160578e-001	
3.90260173e-001	1.43554012e-001	
3.96264176e-001	1.42947446e-001	
4.02268179e-001	1.42339667e-001	
4.08272181e-001	1.41739246e-001	
4.14276184e-001	1.41162802e-001	
4.20280187e-001	1.40586362e-001	
4.26284189e-001	1.40009926e-001	
4.32288192e-001	1.39433494e-001	
4.38292195e-001	1.38857066e-001	
4.44296197e-001	1.38280643e-001	
4.50300200e-001	1.37704224e-001	
4.56304203e-001	1.37127810e-001	
4.62308205e-001	1.36551400e-001	
4.68312208e-001	1.35974994e-001	
4.74316211e-001	1.35398594e-001	
4.80320213e-001	1.34822198e-001	
4.86324216e-001	1.34248377e-001	
4.92328219e-001	1.33738134e-001	
4.98332221e-001	1.33227893e-001	
5.04336224e-001	1.32717655e-001	
5.10340227e-001	1.32207419e-001	
5.16344229e-001	1.31697187e-001	
5.22348232e-001	1.31186956e-001	
5.28352235e-001	1.30708870e-001	
5.34356237e-001	1.30296074e-001	
5.40360240e-001	1.29883284e-001	
5.46364243e-001	1.29470500e-001	
5.52368245e-001	1.29057722e-001	
5.58372248e-001	1.28644951e-001	
5.64376251e-001	1.28232186e-001	
5.70380254e-001	1.27819427e-001	
5.76384256e-001	1.27406674e-001	
5.82388259e-001	1.26993928e-001	
5.88392262e-001	1.26581189e-001	
5.94396264e-001	1.26168456e-001	
6.00400267e-001	1.25755730e-001	
6.06404270e-001	1.25343010e-001	
6.12408272e-001	1.24930298e-001	
6.18412275e-001	1.24517592e-001	
6.24416278e-001	1.24104893e-001	
6.30420280e-001	1.23692201e-001	
6.36424283e-001	1.23279516e-001	
6.42428286e-001	1.22866838e-001	
6.48432288e-001	1.22454168e-001	
6.54436291e-001	1.22041505e-001	
6.60440294e-001	1.21628849e-001	
6.66444296e-001	1.21216200e-001	
6.72448299e-001	1.20803559e-001	
6.78452302e-001	1.20370559e-001	
6.84456304e-001	1.19931977e-001	
6.90460307e-001	1.19493421e-001	
6.96464310e-001	1.19054891e-001	
7.02468312e-001	1.18616386e-001	
7.08472315e-001	1.18177907e-001	
7.14476318e-001	1.17739455e-001	
7.20480320e-001	1.17301029e-001	
7.26484323e-001	1.16862631e-001	
7.32488326e-001	1.16424260e-001	
7.38492328e-001	1.16013128e-001	
7.44496331e-001	1.15642828e-001	
7.50500334e-001	1.15272540e-001	
7.56504336e-001	1.14902265e-001	
7.62508339e-001	1.14532001e-001	
7.68512342e-001	1.14161749e-001	
7.74516344e-001	1.13791510e-001	
7.80520347e-001	1.13421284e-001	
7.86524350e-001	1.13051070e-001	
7.92528352e-001	1.12680868e-001	
7.98532355e-001	1.12310680e-001	
8.04536358e-001	1.11940505e-001	
8.10540360e-001	1.11570342e-001	
8.16544363e-001	1.11200193e-001	
8.22548366e-001	1.10830058e-001	
8.28552368e-001	1.10459936e-001	
8.34556371e-001	1.10089827e-001	
8.40560374e-001	1.09719733e-001	
8.46564376e-001	1.09349652e-001	
8.52568379e-001	1.08979585e-001	
8.58572382e-001	1.08609533e-001	
8.64576384e-001	1.08239495e-001	
8.70580387e-001	1.07869472e-001	
8.76584390e-001	1.07499463e-001	
8.82588392e-001	1.07129469e-001	
8.88592395e-001	1.06759490e-001	
8.94596398e-001	1.06389526e-001	
9.00600400e-001	1.06019578e-001	
9.06604403e-001	1.05649644e-001	
9.12608406e-001	1.05279727e-001	
9.18612408e-001	1.04909825e-001	
9.24616411e-001	1.04539940e-001	
9.30620414e-001	1.04170070e-001	
9.36624416e-001	1.03800217e-001	
9.42628419e-001	1.03430380e-001	
9.48632422e-001	1.03063043e-001	
9.54636424e-001	1.02728004e-001	
9.60640427e-001	1.02392994e-001	
9.66644430e-001	1.02058015e-001	
9.72648432e-001	1.01723067e-001	
9.78652435e-001	1.01388150e-001	
9.84656438e-001	1.01053264e-001	
9.90660440e-001	1.00718409e-001	
9.96664443e-001	1.00383586e-001	
1.00266845e+000	1.00048796e-001	
1.00867245e+000	9.97140379e-002	
1.01467645e+000	9.93793129e-002	
1.02068045e+000	9.90446210e-002	
1.02668446e+000	9.87099626e-002	
1.03268846e+000	9.83753381e-002	
1.03869246e+000	9.80850979e-002	
1.04469646e+000	9.78281002e-002	
1.05070047e+000	9.75711066e-002	
1.05670447e+000	9.73141170e-002	
1.06270847e+000	9.70571315e-002	
1.06871247e+000	9.68001502e-002	
1.07471648e+000	9.65431730e-002	
1.08072048e+000	9.62862000e-002	
1.08672448e+000	9.60292312e-002	
1.09272849e+000	9.57722667e-002	
1.09873249e+000	9.55153064e-002	
1.10473649e+000	9.52583505e-002	
1.11074049e+000	9.50013990e-002	
1.11674450e+000	9.47444518e-002	
1.12274850e+000	9.44875091e-002	
1.12875250e+000	9.42305709e-002	
1.13475650e+000	9.39736372e-002	
1.14076051e+000	9.37167080e-002	
1.14676451e+000	9.34597834e-002	
1.15276851e+000	9.32028634e-002	
1.15877252e+000	9.29459481e-002	
1.16477652e+000	9.26890375e-002	
1.17078052e+000	9.24321316e-002	
1.17678452e+000	9.21752305e-002	
1.18278853e+000	9.19183342e-002	
1.18879253e+000	9.16614428e-002	
1.19479653e+000	9.14045562e-002	
1.20080053e+000	9.11476746e-002	
1.20680454e+000	9.08907980e-002	
1.21280854e+000	9.06339264e-002	
1.21881254e+000	9.03770599e-002	
1.22481654e+000	9.01201985e-002	
1.23082055e+000	8.98633422e-002	
1.23682455e+000	8.96064912e-002	
1.24282855e+000	8.93496453e-002	
1.24883256e+000	8.90928048e-002	
1.25483656e+000	8.88359696e-002	
1.26084056e+000	8.85791398e-002	
1.26684456e+000	8.83223154e-002	
1.27284857e+000	8.80654964e-002	
1.27885257e+000	8.78208547e-002	
1.28485657e+000	8.76154686e-002	
1.29086057e+000	8.74102757e-002	
1.29686458e+000	8.72051022e-002	
1.30286858e+000	8.69999483e-002	
1.30887258e+000	8.67948141e-002	
1.31487658e+000	8.65896998e-002	
1.32088059e+000	8.63846054e-002	
1.32688459e+000	8.61795311e-002	
1.33288859e+000	8.59744771e-002	
1.33889260e+000	8.57694435e-002	
1.34489660e+000	8.55644304e-002	
1.35090060e+000	8.53594381e-002	
1.35690460e+000	8.51544666e-002	
1.36290861e+000	8.49495161e-002	
1.36891261e+000	8.47445867e-002	
1.37491661e+000	8.45396787e-002	
1.38092061e+000	8.43347921e-002	
1.38692462e+000	8.41299272e-002	
1.39292862e+000	8.39250840e-002	
1.39893262e+000	8.37202628e-002	
1.40493662e+000	8.35154637e-002	
1.41094063e+000	8.33106868e-002	
1.41694463e+000	8.31059324e-002	
1.42294863e+000	8.29012006e-002	
1.42895264e+000	8.26964915e-002	
1.43495664e+000	8.24918053e-002	
1.44096064e+000	8.22871423e-002	
1.44696464e+000	8.20825025e-002	
1.45296865e+000	8.18778862e-002	
1.45897265e+000	8.16732935e-002	
1.46497665e+000	8.14687247e-002	
1.47098065e+000	8.12641798e-002	
1.47698466e+000	8.10596590e-002	
1.48298866e+000	8.08551626e-002	
1.48899266e+000	8.06506908e-002	
1.49499666e+000	8.04462437e-002	
1.50100067e+000	8.02418215e-002	
1.50700467e+000	8.00374243e-002	
1.51300867e+000	7.98330525e-002	
1.51901268e+000	7.96287062e-002	
1.52501668e+000	7.94243855e-002	
1.53102068e+000	7.92200908e-002	
1.53702468e+000	7.90158221e-002	
1.54302869e+000	7.88115797e-002	
1.54903269e+000	7.86309487e-002	
1.55503669e+000	7.84803840e-002	
1.56104069e+000	7.83298564e-002	
1.56704470e+000	7.81717863e-002	
1.57304870e+000	7.79997854e-002	
1.57905270e+000	7.78277886e-002	
1.58505670e+000	7.76557959e-002	
1.59106071e+000	7.74838074e-002	
1.59706471e+000	7.73118230e-002	
1.60306871e+000	7.71398428e-002	
1.60907272e+000	7.69678668e-002	
1.61507672e+000	7.67958950e-002	
1.62108072e+000	7.66239275e-002	
1.62708472e+000	7.64519643e-002	
1.63308873e+000	7.62800054e-002	
1.63909273e+000	7.61080509e-002	
1.64509673e+000	7.59361008e-002	
1.65110073e+000	7.57641551e-002	
1.65710474e+000	7.55922139e-002	
1.66310874e+000	7.54202771e-002	
1.66911274e+000	7.52483448e-002	
1.67511674e+000	7.50764171e-002	
1.68112075e+000	7.49044939e-002	
1.68712475e+000	7.47325753e-002	
1.69312875e+000	7.45606614e-002	
1.69913276e+000	7.43887522e-002	
1.70513676e+000	7.42168476e-002	
1.71114076e+000	7.40449478e-002	
1.71714476e+000	7.38730527e-002	
1.72314877e+000	7.37011624e-002	
1.72915277e+000	7.35292770e-002	
1.73515677e+000	7.33573964e-002	
1.74116077e+000	7.31855207e-002	
1.74716478e+000	7.30136500e-002	
1.75316878e+000	7.28417842e-002	
1.75917278e+000	7.26699234e-002	
1.76517678e+000	7.24980677e-002	
1.77118079e+000	7.23262171e-002	
1.77718479e+000	7.21543715e-002	
1.78318879e+000	7.19825311e-002	
1.78919280e+000	7.18106959e-002	
1.79519680e+000	7.16388659e-002	
1.80120080e+000	7.14670412e-002	
1.80720480e+000	7.12952218e-002	
1.81320881e+000	7.11234077e-002	
1.81921281e+000	7.09515990e-002	
1.82521681e+000	7.07797957e-002	
1.83122081e+000	7.06079978e-002	
1.83722482e+000	7.04362055e-002	
1.84322882e+000	7.02644186e-002	
1.84923282e+000	7.00926374e-002	
1.85523682e+000	6.99383955e-002	
1.86124083e+000	6.97941448e-002	
1.86724483e+000	6.96498959e-002	
1.87324883e+000	6.95056486e-002	
1.87925284e+000	6.93614031e-002	
1.88525684e+000	6.92171594e-002	
1.89126084e+000	6.90729174e-002	
1.89726484e+000	6.89286772e-002	
1.90326885e+000	6.87844388e-002	
1.90927285e+000	6.86402021e-002	
1.91527685e+000	6.84959673e-002	
1.92128085e+000	6.83517343e-002	
1.92728486e+000	6.82075031e-002	
1.93328886e+000	6.80632738e-002	
1.93929286e+000	6.79190462e-002	
1.94529686e+000	6.77748206e-002	
1.95130087e+000	6.76305968e-002	
1.95730487e+000	6.74863750e-002	
1.96330887e+000	6.73421550e-002	
1.96931288e+000	6.71979369e-002	
1.97531688e+000	6.70537208e-002	
1.98132088e+000	6.69095065e-002	
1.98732488e+000	6.67652943e-002	
1.99332889e+000	6.66210840e-002	
1.99933289e+000	6.64768756e-002	
2.00533689e+000	6.63326693e-002	
2.01134089e+000	6.61884649e-002	
2.01734490e+000	6.60522971e-002	
2.02334890e+000	6.59284453e-002	
2.02935290e+000	6.58045948e-002	
2.03535690e+000	6.56807454e-002	
2.04136091e+000	6.55568973e-002	
2.04736491e+000	6.54330504e-002	
2.05336891e+000	6.53092048e-002	
2.05937292e+000	6.51853604e-002	
2.06537692e+000	6.50615172e-002	
2.07138092e+000	6.49376754e-002	
2.07738492e+000	6.48138347e-002	
2.08338893e+000	6.46899954e-002	
2.08939293e+000	6.45661574e-002	
2.09539693e+000	6.44423206e-002	
2.10140093e+000	6.43184852e-002	
2.10740494e+000	6.41946510e-002	
2.11340894e+000	6.40708182e-002	
2.11941294e+000	6.39469867e-002	
2.12541694e+000	6.38231565e-002	
2.13142095e+000	6.36993276e-002	
2.13742495e+000	6.35755001e-002	
2.14342895e+000	6.34516740e-002	
2.14943296e+000	6.33278492e-002	
2.15543696e+000	6.32171123e-002	
2.16144096e+000	6.31069459e-002	
2.16744496e+000	6.29967800e-002	
2.17344897e+000	6.28866146e-002	
2.17945297e+000	6.27764498e-002	
2.18545697e+000	6.26662855e-002	
2.19146097e+000	6.25561217e-002	
2.19746498e+000	6.24459585e-002	
2.20346898e+000	6.23357958e-002	
2.20947298e+000	6.22256337e-002	
2.21547698e+000	6.21154721e-002	
2.22148099e+000	6.20053111e-002	
2.22748499e+000	6.18951506e-002	
2.23348899e+000	6.17849907e-002	
2.23949300e+000	6.16748313e-002	
2.24549700e+000	6.15646725e-002	
2.25150100e+000	6.14545143e-002	
2.25750500e+000	6.13443567e-002	
2.26350901e+000	6.12341996e-002	
2.26951301e+000	6.11240431e-002	
2.27551701e+000	6.10138871e-002	
2.28152101e+000	6.09037318e-002	
2.28752502e+000	6.07935770e-002	
2.29352902e+000	6.06834228e-002	
2.29953302e+000	6.05732693e-002	
2.30553702e+000	6.04631163e-002	
2.31154103e+000	6.03529639e-002	
2.31754503e+000	6.02428121e-002	
2.32354903e+000	6.01332366e-002	
2.32955304e+000	6.00242443e-002	
2.33555704e+000	5.99152545e-002	
2.34156104e+000	5.98062672e-002	
2.34756504e+000	5.96972823e-002	
2.35356905e+000	5.95882999e-002	
2.35957305e+000	5.94793199e-002	
2.36557705e+000	5.93703425e-002	
2.37158105e+000	5.92613676e-002	
2.37758506e+000	5.91523952e-002	
2.38358906e+000	5.90434254e-002	
2.38959306e+000	5.89344581e-002	
2.39559706e+000	5.88254935e-002	
2.40160107e+000	5.87165314e-002	
2.40760507e+000	5.86084561e-002	
2.41360907e+000	5.85021426e-002	
2.41961308e+000	5.83958317e-002	
2.42561708e+000	5.82895233e-002	
2.43162108e+000	5.81832175e-002	
2.43762508e+000	5.80769143e-002	
2.44362909e+000	5.79706138e-002	
2.44963309e+000	5.78643159e-002	
2.45563709e+000	5.77580206e-002	
2.46164109e+000	5.76517280e-002	
2.46764510e+000	5.75454380e-002	
2.47364910e+000	5.74391508e-002	
2.47965310e+000	5.73328663e-002	
2.48565710e+000	5.72265844e-002	
2.49166111e+000	5.71203053e-002	
2.49766511e+000	5.70140290e-002	
2.50366911e+000	5.69077554e-002	
2.50967312e+000	5.68014846e-002	
2.51567712e+000	5.66952167e-002	
2.52168112e+000	5.65889515e-002	
2.52768512e+000	5.64826891e-002	
2.53368913e+000	5.63764296e-002	
2.53969313e+000	5.62701730e-002	
2.54569713e+000	5.61639192e-002	
2.55170113e+000	5.60576684e-002	
2.55770514e+000	5.59514204e-002	
2.56370914e+000	5.58451754e-002	
2.56971314e+000	5.57389333e-002	
2.57571714e+000	5.56326942e-002	
2.58172115e+000	5.55264580e-002	
2.58772515e+000	5.54202248e-002	
2.59372915e+000	5.53139947e-002	
2.59973316e+000	5.52077676e-002	
2.60573716e+000	5.51015435e-002	
2.61174116e+000	5.49953225e-002	
2.61774516e+000	5.48891046e-002	
2.62374917e+000	5.47828898e-002	
2.62975317e+000	5.46766781e-002	
2.63575717e+000	5.45702165e-002	
2.64176117e+000	5.44601111e-002	
2.64776518e+000	5.43766113e-002	
2.65376918e+000	5.43134460e-002	
2.65977318e+000	5.42494189e-002	
2.66577718e+000	5.41827357e-002	
2.67178119e+000	5.41160526e-002	
2.67778519e+000	5.40493695e-002	
2.68378919e+000	5.39826863e-002	
2.68979320e+000	5.39160032e-002	
2.69579720e+000	5.38493201e-002	
2.70180120e+000	5.37826370e-002	
2.70780520e+000	5.37159539e-002	
2.71380921e+000	5.36492708e-002	
2.71981321e+000	5.35825877e-002	
2.72581721e+000	5.35159047e-002	
2.73182121e+000	5.34492216e-002	
2.73782522e+000	5.33825385e-002	
2.74382922e+000	5.33158555e-002	
2.74983322e+000	5.32491725e-002	
2.75583722e+000	5.31824894e-002	
2.76184123e+000	5.31158064e-002	
2.76784523e+000	5.30491234e-002	
2.77384923e+000	5.29824404e-002	
2.77985324e+000	5.29157574e-002	
2.78585724e+000	5.28490744e-002	
2.79186124e+000	5.27823914e-002	
2.79786524e+000	5.27157084e-002	
2.80386925e+000	5.26490254e-002	
2.80987325e+000	5.25823425e-002	
2.81587725e+000	5.25156595e-002	
2.82188125e+000	5.24489766e-002	
2.82788526e+000	5.23822936e-002	
2.83388926e+000	5.23156107e-002	
2.83989326e+000	5.22489278e-002	
2.84589726e+000	5.21822449e-002	
2.85190127e+000	5.21155620e-002	
2.85790527e+000	5.20488791e-002	
2.86390927e+000	5.19821962e-002	
2.86991328e+000	5.19155133e-002	
2.87591728e+000	5.18488304e-002	
2.88192128e+000	5.17821476e-002	
2.88792528e+000	5.17154647e-002	
2.89392929e+000	5.16487818e-002	
2.89993329e+000	5.15820990e-002	
2.90593729e+000	5.15154162e-002	
2.91194129e+000	5.14487334e-002	
2.91794530e+000	5.13820505e-002	
2.92394930e+000	5.13153677e-002	
2.92995330e+000	5.12486849e-002	
2.93595730e+000	5.11820022e-002	
2.94196131e+000	5.11153194e-002	
2.94796531e+000	5.10486366e-002	
2.95396931e+000	5.09819538e-002	
2.95997332e+000	5.09152711e-002	
2.96597732e+000	5.08485884e-002	
2.97198132e+000	5.07819056e-002	
2.97798532e+000	5.07152229e-002	
2.98398933e+000	5.06485402e-002	
2.98999333e+000	5.05818575e-002	
2.99599733e+000	5.05151748e-002	
3.00200133e+000	5.04484921e-002	
3.00800534e+000	5.03818094e-002	
3.01400934e+000	5.03151267e-002	
3.02001334e+000	5.02484441e-002	
3.02601734e+000	5.01817614e-002	
3.03202135e+000	5.01144273e-002	
3.03802535e+000	5.00329766e-002	
3.04402935e+000	4.99515283e-002	
3.05003336e+000	4.98700824e-002	
3.05603736e+000	4.97886388e-002	
3.06204136e+000	4.97071976e-002	
3.06804536e+000	4.96257588e-002	
3.07404937e+000	4.95443225e-002	
3.08005337e+000	4.94628885e-002	
3.08605737e+000	4.93831142e-002	
3.09206137e+000	4.93161839e-002	
3.09806538e+000	4.92492557e-002	
3.10406938e+000	4.91823297e-002	
3.11007338e+000	4.91154058e-002	
3.11607738e+000	4.90484840e-002	
3.12208139e+000	4.89815645e-002	
3.12808539e+000	4.89146470e-002	
3.13408939e+000	4.88477318e-002	
3.14009340e+000	4.87808188e-002	
3.14609740e+000	4.87139079e-002	
3.15210140e+000	4.86469993e-002	
3.15810540e+000	4.85800928e-002	
3.16410941e+000	4.85131886e-002	
3.17011341e+000	4.84462867e-002	
3.17611741e+000	4.83793870e-002	
3.18212141e+000	4.83124895e-002	
3.18812542e+000	4.82445187e-002	
3.19412942e+000	4.81591264e-002	
3.20013342e+000	4.80737361e-002	
3.20613742e+000	4.79883479e-002	
3.21214143e+000	4.79029618e-002	
3.21814543e+000	4.78175778e-002	
3.22414943e+000	4.77321960e-002	
3.23015344e+000	4.76468163e-002	
3.23615744e+000	4.75614388e-002	
3.24216144e+000	4.74760635e-002	
3.24816544e+000	4.73906903e-002	
3.25416945e+000	4.73053193e-002	
3.26017345e+000	4.72199505e-002	
3.26617745e+000	4.71345840e-002	
3.27218145e+000	4.70492196e-002	
3.27818546e+000	4.69638575e-002	
3.28418946e+000	4.68784977e-002	
3.29019346e+000	4.67931401e-002	
3.29619746e+000	4.67077848e-002	
3.30220147e+000	4.66317450e-002	
3.30820547e+000	4.65585647e-002	
3.31420947e+000	4.64853872e-002	
3.32021348e+000	4.64122126e-002	
3.32621748e+000	4.63390410e-002	
3.33222148e+000	4.62658724e-002	
3.33822548e+000	4.61927067e-002	
3.34422949e+000	4.61195440e-002	
3.35023349e+000	4.60463843e-002	
3.35623749e+000	4.59732276e-002	
3.36224149e+000	4.59034122e-002	
3.36824550e+000	4.58364056e-002	
3.37424950e+000	4.57694002e-002	
3.38025350e+000	4.57023957e-002	
3.38625751e+000	4.56353924e-002	
3.39226151e+000	4.55683902e-002	
3.39826551e+000	4.55013890e-002	
3.40426951e+000	4.54343890e-002	
3.41027352e+000	4.53673900e-002	
3.41627752e+000	4.53003922e-002	
3.42228152e+000	4.52333955e-002	
3.42828552e+000	4.51663999e-002	
3.43428953e+000	4.50994054e-002	
3.44029353e+000	4.50324120e-002	
3.44629753e+000	4.49654198e-002	
3.45230153e+000	4.48932256e-002	
3.45830554e+000	4.48204331e-002	
3.46430954e+000	4.47476408e-002	
3.47031354e+000	4.46748486e-002	
3.47631755e+000	4.46020566e-002	
3.48232155e+000	4.45292648e-002	
3.48832555e+000	4.44564732e-002	
3.49432955e+000	4.43836818e-002	
3.50033356e+000	4.43108905e-002	
3.50633756e+000	4.42380994e-002	
3.51234156e+000	4.41653085e-002	
3.51834556e+000	4.40925178e-002	
3.52434957e+000	4.40197273e-002	
3.53035357e+000	4.39469369e-002	
3.53635757e+000	4.38741468e-002	
3.54236157e+000	4.38013568e-002	
3.54836558e+000	4.37285670e-002	
3.55436958e+000	4.36620880e-002	
3.56037358e+000	4.36129784e-002	
3.56637759e+000	4.35638689e-002	
3.57238159e+000	4.35147593e-002	
3.57838559e+000	4.34656497e-002	
3.58438959e+000	4.34165402e-002	
3.59039360e+000	4.33674306e-002	
3.59639760e+000	4.33183210e-002	
3.60240160e+000	4.32692115e-002	
3.60840560e+000	4.32201019e-002	
3.61440961e+000	4.31709924e-002	
3.62041361e+000	4.31218828e-002	
3.62641761e+000	4.30727733e-002	
3.63242161e+000	4.30236638e-002	
3.63842562e+000	4.29745542e-002	
3.64442962e+000	4.29254447e-002	
3.65043362e+000	4.28764386e-002	
3.65643763e+000	4.28274332e-002	
3.66244163e+000	4.27784284e-002	
3.66844563e+000	4.27294240e-002	
3.67444963e+000	4.26804202e-002	
3.68045364e+000	4.26314169e-002	
3.68645764e+000	4.25824141e-002	
3.69246164e+000	4.25334117e-002	
3.69846564e+000	4.24844099e-002	
3.70446965e+000	4.24354086e-002	
3.71047365e+000	4.23864079e-002	
3.71647765e+000	4.23374076e-002	
3.72248165e+000	4.22884078e-002	
3.72848566e+000	4.22394086e-002	
3.73448966e+000	4.21904099e-002	
3.74049366e+000	4.21414117e-002	
3.74649767e+000	4.20924140e-002	
3.75250167e+000	4.20434169e-002	
3.75850567e+000	4.19944203e-002	
3.76450967e+000	4.19454242e-002	
3.77051368e+000	4.18973905e-002	
3.77651768e+000	4.18507308e-002	
3.78252168e+000	4.18040712e-002	
3.78852568e+000	4.17574118e-002	
3.79452969e+000	4.17107525e-002	
3.80053369e+000	4.16640934e-002	
3.80653769e+000	4.16174344e-002	
3.81254169e+000	4.15707755e-002	
3.81854570e+000	4.15241167e-002	
3.82454970e+000	4.14774581e-002	
3.83055370e+000	4.14307997e-002	
3.83655771e+000	4.13841413e-002	
3.84256171e+000	4.13374831e-002	
3.84856571e+000	4.12908251e-002	
3.85456971e+000	4.12441671e-002	
3.86057372e+000	4.11975094e-002	
3.86657772e+000	4.11508517e-002	
3.87258172e+000	4.11041942e-002	
3.87858572e+000	4.10575368e-002	
3.88458973e+000	4.10108796e-002	
3.89059373e+000	4.09642225e-002	
3.89659773e+000	4.09175656e-002	
3.90260173e+000	4.08709088e-002	
3.90860574e+000	4.08242522e-002	
3.91460974e+000	4.07775956e-002	
3.92061374e+000	4.07309393e-002	
3.92661775e+000	4.06842831e-002	
3.93262175e+000	4.06376270e-002	
3.93862575e+000	4.05904371e-002	
3.94462975e+000	4.05418180e-002	
3.95063376e+000	4.04931990e-002	
3.95663776e+000	4.04445799e-002	
3.96264176e+000	4.03959609e-002	
3.96864576e+000	4.03473420e-002	
3.97464977e+000	4.02987230e-002	
3.98065377e+000	4.02501041e-002	
3.98665777e+000	4.02014853e-002	
3.99266177e+000	4.01528665e-002	
3.99866578e+000	4.01042477e-002	
4.00466978e+000	4.00559467e-002	
4.01067378e+000	4.00079118e-002	
4.01667779e+000	3.99598770e-002	
4.02268179e+000	3.99118422e-002	
4.02868579e+000	3.98638074e-002	
4.03468979e+000	3.98157727e-002	
4.04069380e+000	3.97677379e-002	
4.04669780e+000	3.97197031e-002	
4.05270180e+000	3.96716684e-002	
4.05870580e+000	3.96236337e-002	
4.06470981e+000	3.95755990e-002	
4.07071381e+000	3.95275643e-002	
4.07671781e+000	3.94795296e-002	
4.08272181e+000	3.94314949e-002	
4.08872582e+000	3.93834602e-002	
4.09472982e+000	3.93354256e-002	
4.10073382e+000	3.92873909e-002	
4.10673783e+000	3.92393563e-002	
4.11274183e+000	3.91913217e-002	
4.11874583e+000	3.91432871e-002	
4.12474983e+000	3.90952525e-002	
4.13075384e+000	3.90472179e-002	
4.13675784e+000	3.89991833e-002	
4.14276184e+000	3.89511488e-002	
4.14876584e+000	3.89031143e-002	
4.15476985e+000	3.88550797e-002	
4.16077385e+000	3.88070452e-002	
4.16677785e+000	3.87590107e-002	
4.17278185e+000	3.87109762e-002	
4.17878586e+000	3.86629418e-002	
4.18478986e+000	3.86149073e-002	
4.19079386e+000	3.85668729e-002	
4.19679787e+000	3.85188384e-002	
4.20280187e+000	3.84708040e-002	
4.20880587e+000	3.84227696e-002	
4.21480987e+000	3.83747352e-002	
4.22081388e+000	3.83267008e-002	
4.22681788e+000	3.82786665e-002	
4.23282188e+000	3.82306321e-002	
4.23882588e+000	3.81825978e-002	
4.24482989e+000	3.81345635e-002	
4.25083389e+000	3.80865292e-002	
4.25683789e+000	3.80384949e-002	
4.26284189e+000	3.79904606e-002	
4.26884590e+000	3.79424263e-002	
4.27484990e+000	3.78943921e-002	
4.28085390e+000	3.78463578e-002	
4.28685791e+000	3.77983236e-002	
4.29286191e+000	3.77502894e-002	
4.29886591e+000	3.77022552e-002	
4.30486991e+000	3.76542210e-002	
4.31087392e+000	3.76061869e-002	
4.31687792e+000	3.75581527e-002	
4.32288192e+000	3.75101186e-002	
4.32888592e+000	3.74620845e-002	
4.33488993e+000	3.74140504e-002	
4.34089393e+000	3.73660163e-002	
4.34689793e+000	3.73179881e-002	
4.35290193e+000	3.72710894e-002	
4.35890594e+000	3.72349122e-002	
4.36490994e+000	3.71974511e-002	
4.37091394e+000	3.71599900e-002	
4.37691795e+000	3.71225290e-002	
4.38292195e+000	3.70850680e-002	
4.38892595e+000	3.70476069e-002	
4.39492995e+000	3.70101460e-002	
4.40093396e+000	3.69726850e-002	
4.40693796e+000	3.69352240e-002	
4.41294196e+000	3.68977631e-002	
4.41894596e+000	3.68603021e-002	
4.42494997e+000	3.68228412e-002	
4.43095397e+000	3.67853803e-002	
4.43695797e+000	3.67479194e-002	
4.44296197e+000	3.67104585e-002	
4.44896598e+000	3.66729977e-002	
4.45496998e+000	3.66355369e-002	
4.46097398e+000	3.65980760e-002	
4.46697799e+000	3.65606152e-002	
4.47298199e+000	3.65231544e-002	
4.47898599e+000	3.64856937e-002	
4.48498999e+000	3.64482329e-002	
4.49099400e+000	3.64107722e-002	
4.49699800e+000	3.63733115e-002	
4.50300200e+000	3.63358508e-002	
4.50900600e+000	3.62983901e-002	
4.51501001e+000	3.62609294e-002	
4.52101401e+000	3.62234688e-002	
4.52701801e+000	3.61860081e-002	
4.53302201e+000	3.61485475e-002	
4.53902602e+000	3.61110869e-002	
4.54503002e+000	3.60736263e-002	
4.55103402e+000	3.60361658e-002	
4.55703803e+000	3.59987052e-002	
4.56304203e+000	3.59612447e-002	
4.56904603e+000	3.59237842e-002	
4.57505003e+000	3.58863237e-002	
4.58105404e+000	3.58488632e-002	
4.58705804e+000	3.58114028e-002	
4.59306204e+000	3.57739423e-002	
4.59906604e+000	3.57364819e-002	
4.60507005e+000	3.56990215e-002	
4.61107405e+000	3.56615611e-002	
4.61707805e+000	3.56241007e-002	
4.62308205e+000	3.55866404e-002	
4.62908606e+000	3.55491800e-002	
4.63509006e+000	3.55117197e-002	
4.64109406e+000	3.54742594e-002	
4.64709807e+000	3.54367992e-002	
4.65310207e+000	3.53993389e-002	
4.65910607e+000	3.53618787e-002	
4.66511007e+000	3.53244184e-002	
4.67111408e+000	3.52869582e-002	
4.67711808e+000	3.52494980e-002	
4.68312208e+000	3.52120379e-002	
4.68912608e+000	3.51745777e-002	
4.69513009e+000	3.51371176e-002	
4.70113409e+000	3.50996575e-002	
4.70713809e+000	3.50619308e-002	
4.71314209e+000	3.50217136e-002	
4.71914610e+000	3.49814969e-002	
4.72515010e+000	3.49412806e-002	
4.73115410e+000	3.49010649e-002	
4.73715811e+000	3.48654484e-002	
4.74316211e+000	3.48323540e-002	
4.74916611e+000	3.47992595e-002	
4.75517011e+000	3.47661651e-002	
4.76117412e+000	3.47330707e-002	
4.76717812e+000	3.46999762e-002	
4.77318212e+000	3.46668818e-002	
4.77918612e+000	3.46337874e-002	
4.78519013e+000	3.46006929e-002	
4.79119413e+000	3.45675985e-002	
4.79719813e+000	3.45345041e-002	
4.80320213e+000	3.45014097e-002	
4.80920614e+000	3.44683152e-002	
4.81521014e+000	3.44352208e-002	
4.82121414e+000	3.44021264e-002	
4.82721815e+000	3.43690320e-002	
4.83322215e+000	3.43359376e-002	
4.83922615e+000	3.43028431e-002	
4.84523015e+000	3.42697487e-002	
4.85123416e+000	3.42366543e-002	
4.85723816e+000	3.42035599e-002	
4.86324216e+000	3.41704655e-002	
4.86924616e+000	3.41373711e-002	
4.87525017e+000	3.41042767e-002	
4.88125417e+000	3.40711823e-002	
4.88725817e+000	3.40380879e-002	
4.89326217e+000	3.40049935e-002	
4.89926618e+000	3.39718991e-002	
4.90527018e+000	3.39388047e-002	
4.91127418e+000	3.39057103e-002	
4.91727819e+000	3.38726159e-002	
4.92328219e+000	3.38395215e-002	
4.92928619e+000	3.38064271e-002	
4.93529019e+000	3.37733327e-002	
4.94129420e+000	3.37402383e-002	
4.94729820e+000	3.37071439e-002	
4.95330220e+000	3.36740495e-002	
4.95930620e+000	3.36409552e-002	
4.96531021e+000	3.36078608e-002	
4.97131421e+000	3.35747664e-002	
4.97731821e+000	3.35416720e-002	
4.98332221e+000	3.35085776e-002	
4.98932622e+000	3.34754833e-002	
4.99533022e+000	3.34423889e-002	
5.00133422e+000	3.34092945e-002	
5.00733823e+000	3.33762001e-002	
5.01334223e+000	3.33431058e-002	
5.01934623e+000	3.33100114e-002	
5.02535023e+000	3.32769170e-002	
5.03135424e+000	3.32438227e-002	
5.03735824e+000	3.32107283e-002	
5.04336224e+000	3.31776340e-002	
5.04936624e+000	3.31445396e-002	
5.05537025e+000	3.31114452e-002	
5.06137425e+000	3.30783509e-002	
5.06737825e+000	3.30458724e-002	
5.07338225e+000	3.30159118e-002	
5.07938626e+000	3.29859518e-002	
5.08539026e+000	3.29559924e-002	
5.09139426e+000	3.29260338e-002	
5.09739827e+000	3.28960757e-002	
5.10340227e+000	3.28661183e-002	
5.10940627e+000	3.28361615e-002	
5.11541027e+000	3.28062054e-002	
5.12141428e+000	3.27762499e-002	
5.12741828e+000	3.27443949e-002	
5.13342228e+000	3.27113298e-002	
5.13942628e+000	3.26782647e-002	
5.14543029e+000	3.26451996e-002	
5.15143429e+000	3.26121346e-002	
5.15743829e+000	3.25790696e-002	
5.16344229e+000	3.25460046e-002	
5.16944630e+000	3.25129397e-002	
5.17545030e+000	3.24798749e-002	
5.18145430e+000	3.24468100e-002	
5.18745831e+000	3.24137453e-002	
5.19346231e+000	3.23806805e-002	
5.19946631e+000	3.23476158e-002	
5.20547031e+000	3.23145512e-002	
5.21147432e+000	3.22814865e-002	
5.21747832e+000	3.22484220e-002	
5.22348232e+000	3.22153574e-002	
5.22948632e+000	3.21822929e-002	
5.23549033e+000	3.21492285e-002	
5.24149433e+000	3.21161641e-002	
5.24749833e+000	3.20830997e-002	
5.25350233e+000	3.20500354e-002	
5.25950634e+000	3.20169711e-002	
5.26551034e+000	3.19839069e-002	
5.27151434e+000	3.19508427e-002	
5.27751835e+000	3.19177786e-002	
5.28352235e+000	3.18847145e-002	
5.28952635e+000	3.18516504e-002	
5.29553035e+000	3.18185864e-002	
5.30153436e+000	3.17855224e-002	
5.30753836e+000	3.17524585e-002	
5.31354236e+000	3.17193946e-002	
5.31954636e+000	3.16863308e-002	
5.32555037e+000	3.16532670e-002	
5.33155437e+000	3.16202032e-002	
5.33755837e+000	3.15871395e-002	
5.34356237e+000	3.15544749e-002	
5.34956638e+000	3.15234075e-002	
5.35557038e+000	3.14923402e-002	
5.36157438e+000	3.14612729e-002	
5.36757839e+000	3.14302056e-002	
5.37358239e+000	3.13991384e-002	
5.37958639e+000	3.13680711e-002	
5.38559039e+000	3.13370039e-002	
5.39159440e+000	3.13059366e-002	
5.39759840e+000	3.12748694e-002	
5.40360240e+000	3.12438022e-002	
5.40960640e+000	3.12127350e-002	
5.41561041e+000	3.11816678e-002	
5.42161441e+000	3.11506007e-002	
5.42761841e+000	3.11195335e-002	
5.43362241e+000	3.10884664e-002	
5.43962642e+000	3.10573992e-002	
5.44563042e+000	3.10263321e-002	
5.45163442e+000	3.09952650e-002	
5.45763843e+000	3.09641979e-002	
5.46364243e+000	3.09331309e-002	
5.46964643e+000	3.09020638e-002	
5.47565043e+000	3.08709968e-002	
5.48165444e+000	3.08399297e-002	
5.48765844e+000	3.08130292e-002	
5.49366244e+000	3.07862294e-002	
5.49966644e+000	3.07594297e-002	
5.50567045e+000	3.07326300e-002	
5.51167445e+000	3.07058304e-002	
5.51767845e+000	3.06790307e-002	
5.52368245e+000	3.06522312e-002	
5.52968646e+000	3.06254316e-002	
5.53569046e+000	3.05986321e-002	
5.54169446e+000	3.05718326e-002	
5.54769847e+000	3.05450332e-002	
5.55370247e+000	3.05182338e-002	
5.55970647e+000	3.04914344e-002	
5.56571047e+000	3.04646350e-002	
5.57171448e+000	3.04378357e-002	
5.57771848e+000	3.04110365e-002	
5.58372248e+000	3.03842372e-002	
5.58972648e+000	3.03574380e-002	
5.59573049e+000	3.03306388e-002	
5.60173449e+000	3.03038397e-002	
5.60773849e+000	3.02770406e-002	
5.61374249e+000	3.02502415e-002	
5.61974650e+000	3.02234425e-002	
5.62575050e+000	3.01966435e-002	
5.63175450e+000	3.01698446e-002	
5.63775851e+000	3.01430456e-002	
5.64376251e+000	3.01162467e-002	
5.64976651e+000	3.00894479e-002	
5.65577051e+000	3.00626491e-002	
5.66177452e+000	3.00358503e-002	
5.66777852e+000	3.00090516e-002	
5.67378252e+000	2.99822528e-002	
5.67978652e+000	2.99554542e-002	
5.68579053e+000	2.99286555e-002	
5.69179453e+000	2.99018569e-002	
5.69779853e+000	2.98750584e-002	
5.70380254e+000	2.98482599e-002	
5.70980654e+000	2.98214614e-002	
5.71581054e+000	2.97946629e-002	
5.72181454e+000	2.97678645e-002	
5.72781855e+000	2.97410661e-002	
5.73382255e+000	2.97142678e-002	
5.73982655e+000	2.96874695e-002	
5.74583055e+000	2.96606712e-002	
5.75183456e+000	2.96338730e-002	
5.75783856e+000	2.96070748e-002	
5.76384256e+000	2.95802766e-002	
5.76984656e+000	2.95534785e-002	
5.77585057e+000	2.95280748e-002	
5.78185457e+000	2.95042293e-002	
5.78785857e+000	2.94806977e-002	
5.79386258e+000	2.94571668e-002	
5.79986658e+000	2.94336365e-002	
5.80587058e+000	2.94101068e-002	
5.81187458e+000	2.93865778e-002	
5.81787859e+000	2.93630495e-002	
5.82388259e+000	2.93395219e-002	
5.82988659e+000	2.93159949e-002	
5.83589059e+000	2.92924686e-002	
5.84189460e+000	2.92689429e-002	
5.84789860e+000	2.92454180e-002	
5.85390260e+000	2.92218937e-002	
5.85990660e+000	2.91983701e-002	
5.86591061e+000	2.91748471e-002	
5.87191461e+000	2.91513249e-002	
5.87791861e+000	2.91278033e-002	
5.88392262e+000	2.91042824e-002	
5.88992662e+000	2.90807622e-002	
5.89593062e+000	2.90572427e-002	
5.90193462e+000	2.90337238e-002	
5.90793863e+000	2.90102057e-002	
5.91394263e+000	2.89866882e-002	
5.91994663e+000	2.89631714e-002	
5.92595063e+000	2.89396554e-002	
5.93195464e+000	2.89161400e-002	
5.93795864e+000	2.88926253e-002	
5.94396264e+000	2.88691113e-002	
5.94996664e+000	2.88455981e-002	
5.95597065e+000	2.88220855e-002	
5.96197465e+000	2.87985736e-002	
5.96797865e+000	2.87750625e-002	
5.97398266e+000	2.87515520e-002	
5.97998666e+000	2.87280423e-002	
5.98599066e+000	2.87045332e-002	
5.99199466e+000	2.86810249e-002	
5.99799867e+000	2.86575173e-002	
6.00400267e+000	2.86340104e-002	
6.01000667e+000	2.86105042e-002	
6.01601067e+000	2.85869988e-002	
6.02201468e+000	2.85634940e-002	
6.02801868e+000	2.85399900e-002	
6.03402268e+000	2.85143850e-002	
6.04002668e+000	2.84873809e-002	
6.04603069e+000	2.84603772e-002	
6.05203469e+000	2.84333738e-002	
6.05803869e+000	2.84063707e-002	
6.06404270e+000	2.83793679e-002	
6.07004670e+000	2.83523654e-002	
6.07605070e+000	2.83253632e-002	
6.08205470e+000	2.82983614e-002	
6.08805871e+000	2.82713598e-002	
6.09406271e+000	2.82443586e-002	
6.10006671e+000	2.82173578e-002	
6.10607071e+000	2.81903572e-002	
6.11207472e+000	2.81633570e-002	
6.11807872e+000	2.81363571e-002	
6.12408272e+000	2.81100696e-002	
6.13008672e+000	2.80850074e-002	
6.13609073e+000	2.80599453e-002	
6.14209473e+000	2.80348834e-002	
6.14809873e+000	2.80098216e-002	
6.15410274e+000	2.79847600e-002	
6.16010674e+000	2.79596986e-002	
6.16611074e+000	2.79346374e-002	
6.17211474e+000	2.79095763e-002	
6.17811875e+000	2.78845154e-002	
6.18412275e+000	2.78594546e-002	
6.19012675e+000	2.78343941e-002	
6.19613075e+000	2.78093336e-002	
6.20213476e+000	2.77842734e-002	
6.20813876e+000	2.77592133e-002	
6.21414276e+000	2.77341534e-002	
6.22014676e+000	2.77090937e-002	
6.22615077e+000	2.76840341e-002	
6.23215477e+000	2.76589747e-002	
6.23815877e+000	2.76339155e-002	
6.24416278e+000	2.76088564e-002	
6.25016678e+000	2.75837975e-002	
6.25617078e+000	2.75587388e-002	
6.26217478e+000	2.75336803e-002	
6.26817879e+000	2.75086219e-002	
6.27418279e+000	2.74835638e-002	
6.28018679e+000	2.74585057e-002	
6.28619079e+000	2.74334479e-002	
6.29219480e+000	2.74083902e-002	
6.29819880e+000	2.73833327e-002	
6.30420280e+000	2.73582754e-002	
6.31020680e+000	2.73332183e-002	
6.31621081e+000	2.73081613e-002	
6.32221481e+000	2.72831046e-002	
6.32821881e+000	2.72580480e-002	
6.33422282e+000	2.72329915e-002	
6.34022682e+000	2.72079353e-002	
6.34623082e+000	2.71828792e-002	
6.35223482e+000	2.71578234e-002	
6.35823883e+000	2.71327676e-002	
6.36424283e+000	2.71077121e-002	
6.37024683e+000	2.70826568e-002	
6.37625083e+000	2.70594737e-002	
6.38225484e+000	2.70365523e-002	
6.38825884e+000	2.70136311e-002	
6.39426284e+000	2.69907099e-002	
6.40026684e+000	2.69677889e-002	
6.40627085e+000	2.69448679e-002	
6.41227485e+000	2.69219471e-002	
6.41827885e+000	2.68990263e-002	
6.42428286e+000	2.68761056e-002	
6.43028686e+000	2.68541418e-002	
6.43629086e+000	2.68344560e-002	
6.44229486e+000	2.68147701e-002	
6.44829887e+000	2.67950843e-002	
6.45430287e+000	2.67753985e-002	
6.46030687e+000	2.67557126e-002	
6.46631087e+000	2.67360268e-002	
6.47231488e+000	2.67163410e-002	
6.47831888e+000	2.66966551e-002	
6.48432288e+000	2.66769693e-002	
6.49032688e+000	2.66572835e-002	
6.49633089e+000	2.66375977e-002	
6.50233489e+000	2.66179118e-002	
6.50833889e+000	2.65982260e-002	
6.51434290e+000	2.65785402e-002	
6.52034690e+000	2.65588543e-002	
6.52635090e+000	2.65391685e-002	
6.53235490e+000	2.65194827e-002	
6.53835891e+000	2.64997969e-002	
6.54436291e+000	2.64801110e-002	
6.55036691e+000	2.64604252e-002	
6.55637091e+000	2.64407394e-002	
6.56237492e+000	2.64210536e-002	
6.56837892e+000	2.64013677e-002	
6.57438292e+000	2.63816819e-002	
6.58038692e+000	2.63619961e-002	
6.58639093e+000	2.63423103e-002	
6.59239493e+000	2.63226244e-002	
6.59839893e+000	2.63029386e-002	
6.60440294e+000	2.62832528e-002	
6.61040694e+000	2.62635670e-002	
6.61641094e+000	2.62438811e-002	
6.62241494e+000	2.62241953e-002	
6.62841895e+000	2.62045095e-002	
6.63442295e+000	2.61848237e-002	
6.64042695e+000	2.61651379e-002	
6.64643095e+000	2.61454520e-002	
6.65243496e+000	2.61257662e-002	
6.65843896e+000	2.61060804e-002	
6.66444296e+000	2.60863946e-002	
6.67044696e+000	2.60667088e-002	
6.67645097e+000	2.60470229e-002	
6.68245497e+000	2.60273371e-002	
6.68845897e+000	2.60076513e-002	
6.69446298e+000	2.59879655e-002	
6.70046698e+000	2.59682797e-002	
6.70647098e+000	2.59481747e-002	
6.71247498e+000	2.59280079e-002	
6.71847899e+000	2.59078410e-002	
6.72448299e+000	2.58876742e-002	
6.73048699e+000	2.58675074e-002	
6.73649099e+000	2.58473406e-002	
6.74249500e+000	2.58271738e-002	
6.74849900e+000	2.58070070e-002	
6.75450300e+000	2.57868401e-002	
6.76050700e+000	2.57666733e-002	
6.76651101e+000	2.57465065e-002	
6.77251501e+000	2.57263397e-002	
6.77851901e+000	2.57081881e-002	
6.78452302e+000	2.56901480e-002	
6.79052702e+000	2.56721078e-002	
6.79653102e+000	2.56540677e-002	
6.80253502e+000	2.56360276e-002	
6.80853903e+000	2.56179876e-002	
6.81454303e+000	2.55999476e-002	
6.82054703e+000	2.55819076e-002	
6.82655103e+000	2.55638676e-002	
6.83255504e+000	2.55458277e-002	
6.83855904e+000	2.55277878e-002	
6.84456304e+000	2.55097480e-002	
6.85056704e+000	2.54917082e-002	
6.85657105e+000	2.54736684e-002	
6.86257505e+000	2.54556286e-002	
6.86857905e+000	2.54375889e-002	
6.87458306e+000	2.54195492e-002	
6.88058706e+000	2.54015096e-002	
6.88659106e+000	2.53834700e-002	
6.89259506e+000	2.53654304e-002	
6.89859907e+000	2.53473908e-002	
6.90460307e+000	2.53293513e-002	
6.91060707e+000	2.53111848e-002	
6.91661107e+000	2.52929540e-002	
6.92261508e+000	2.52747233e-002	
6.92861908e+000	2.52564925e-002	
6.93462308e+000	2.52382618e-002	
6.94062708e+000	2.52200311e-002	
6.94663109e+000	2.52018004e-002	
6.95263509e+000	2.51835698e-002	
6.95863909e+000	2.51653391e-002	
6.96464310e+000	2.51471085e-002	
6.97064710e+000	2.51288779e-002	
6.97665110e+000	2.51106473e-002	
6.98265510e+000	2.50924167e-002	
6.98865911e+000	2.50741861e-002	
6.99466311e+000	2.50559556e-002	
7.00066711e+000	2.50377250e-002	
7.00667111e+000	2.50194945e-002	
7.01267512e+000	2.50012640e-002	
7.01867912e+000	2.49830335e-002	
7.02468312e+000	2.49648030e-002	
7.03068712e+000	2.49465726e-002	
7.03669113e+000	2.49283422e-002	
7.04269513e+000	2.49101117e-002	
7.04869913e+000	2.48918813e-002	
7.05470314e+000	2.48736510e-002	
7.06070714e+000	2.48554206e-002	
7.06671114e+000	2.48371902e-002	
7.07271514e+000	2.48209433e-002	
7.07871915e+000	2.48046968e-002	
7.08472315e+000	2.47884504e-002	
7.09072715e+000	2.47722040e-002	
7.09673115e+000	2.47559576e-002	
7.10273516e+000	2.47397112e-002	
7.10873916e+000	2.47234649e-002	
7.11474316e+000	2.47072185e-002	
7.12074716e+000	2.46909722e-002	
7.12675117e+000	2.46747259e-002	
7.13275517e+000	2.46584796e-002	
7.13875917e+000	2.46422333e-002	
7.14476318e+000	2.46259870e-002	
7.15076718e+000	2.46097407e-002	
7.15677118e+000	2.45934945e-002	
7.16277518e+000	2.45772483e-002	
7.16877919e+000	2.45610020e-002	
7.17478319e+000	2.45447558e-002	
7.18078719e+000	2.45285097e-002	
7.18679119e+000	2.45122635e-002	
7.19279520e+000	2.44960173e-002	
7.19879920e+000	2.44797712e-002	
7.20480320e+000	2.44635251e-002	
7.21080720e+000	2.44472790e-002	
7.21681121e+000	2.44310329e-002	
7.22281521e+000	2.44147868e-002	
7.22881921e+000	2.43985407e-002	
7.23482322e+000	2.43822947e-002	
7.24082722e+000	2.43660486e-002	
7.24683122e+000	2.43498026e-002	
7.25283522e+000	2.43335566e-002	
7.25883923e+000	2.43173106e-002	
7.26484323e+000	2.43010647e-002	
7.27084723e+000	2.42848187e-002	
7.27685123e+000	2.42685728e-002	
7.28285524e+000	2.42523269e-002	
7.28885924e+000	2.42360810e-002	
7.29486324e+000	2.42198351e-002	
7.30086724e+000	2.42035892e-002	
7.30687125e+000	2.41873433e-002	
7.31287525e+000	2.41710975e-002	
7.31887925e+000	2.41548517e-002	
7.32488326e+000	2.41386059e-002	
7.33088726e+000	2.41223601e-002	
7.33689126e+000	2.41061143e-002	
7.34289526e+000	2.40898685e-002	
7.34889927e+000	2.40711230e-002	
7.35490327e+000	2.40523560e-002	
7.36090727e+000	2.40339664e-002	
7.36691127e+000	2.40168457e-002	
7.37291528e+000	2.39997249e-002	
7.37891928e+000	2.39826042e-002	
7.38492328e+000	2.39654835e-002	
7.39092728e+000	2.39470231e-002	
7.39693129e+000	2.39284273e-002	
7.40293529e+000	2.39098316e-002	
7.40893929e+000	2.38912358e-002	
7.41494330e+000	2.38726402e-002	
7.42094730e+000	2.38540445e-002	
7.42695130e+000	2.38354488e-002	
7.43295530e+000	2.38168532e-002	
7.43895931e+000	2.37982577e-002	
7.44496331e+000	2.37796621e-002	
7.45096731e+000	2.37610666e-002	
7.45697131e+000	2.37424711e-002	
7.46297532e+000	2.37238756e-002	
7.46897932e+000	2.37052801e-002	
7.47498332e+000	2.36866847e-002	
7.48098732e+000	2.36680893e-002	
7.48699133e+000	2.36494940e-002	
7.49299533e+000	2.36308986e-002	
7.49899933e+000	2.36123033e-002	
7.50500334e+000	2.35937080e-002	
7.51100734e+000	2.35751128e-002	
7.51701134e+000	2.35565175e-002	
7.52301534e+000	2.35379224e-002	
7.52901935e+000	2.35193272e-002	
7.53502335e+000	2.35007320e-002	
7.54102735e+000	2.34821369e-002	
7.54703135e+000	2.34635418e-002	
7.55303536e+000	2.34449468e-002	
7.55903936e+000	2.34263518e-002	
7.56504336e+000	2.34077568e-002	
7.57104736e+000	2.33891618e-002	
7.57705137e+000	2.33705668e-002	
7.58305537e+000	2.33519719e-002	
7.58905937e+000	2.33333770e-002	
7.59506338e+000	2.33147822e-002	
7.60106738e+000	2.32961874e-002	
7.60707138e+000	2.32775926e-002	
7.61307538e+000	2.32594943e-002	
7.61907939e+000	2.32418561e-002	
7.62508339e+000	2.32242178e-002	
7.63108739e+000	2.32065797e-002	
7.63709139e+000	2.31889415e-002	
7.64309540e+000	2.31713034e-002	
7.64909940e+000	2.31536653e-002	
7.65510340e+000	2.31360272e-002	
7.66110740e+000	2.31183891e-002	
7.66711141e+000	2.31007511e-002	
7.67311541e+000	2.30831131e-002	
7.67911941e+000	2.30654751e-002	
7.68512342e+000	2.30478371e-002	
7.69112742e+000	2.30301991e-002	
7.69713142e+000	2.30125612e-002	
7.70313542e+000	2.29949233e-002	
7.70913943e+000	2.29772854e-002	
7.71514343e+000	2.29596476e-002	
7.72114743e+000	2.29420098e-002	
7.72715143e+000	2.29243720e-002	
7.73315544e+000	2.29067342e-002	
7.73915944e+000	2.28890964e-002	
7.74516344e+000	2.28714587e-002	
7.75116744e+000	2.28538210e-002	
7.75717145e+000	2.28361833e-002	
7.76317545e+000	2.28187754e-002	
7.76917945e+000	2.28031575e-002	
7.77518346e+000	2.27875396e-002	
7.78118746e+000	2.27719218e-002	
7.78719146e+000	2.27563039e-002	
7.79319546e+000	2.27406861e-002	
7.79919947e+000	2.27250682e-002	
7.80520347e+000	2.27094504e-002	
7.81120747e+000	2.26938325e-002	
7.81721147e+000	2.26782147e-002	
7.82321548e+000	2.26625969e-002	
7.82921948e+000	2.26469790e-002	
7.83522348e+000	2.26313612e-002	
7.84122748e+000	2.26157434e-002	
7.84723149e+000	2.26001256e-002	
7.85323549e+000	2.25845077e-002	
7.85923949e+000	2.25688899e-002	
7.86524350e+000	2.25532721e-002	
7.87124750e+000	2.25376543e-002	
7.87725150e+000	2.25220365e-002	
7.88325550e+000	2.25064187e-002	
7.88925951e+000	2.24908009e-002	
7.89526351e+000	2.24751831e-002	
7.90126751e+000	2.24595653e-002	
7.90727151e+000	2.24439475e-002	
7.91327552e+000	2.24283297e-002	
7.91927952e+000	2.24127119e-002	
7.92528352e+000	2.23970941e-002	
7.93128753e+000	2.23814763e-002	
7.93729153e+000	2.23669439e-002	
7.94329553e+000	2.23533012e-002	
7.94929953e+000	2.23396585e-002	
7.95530354e+000	2.23260159e-002	
7.96130754e+000	2.23123734e-002	
7.96731154e+000	2.22987309e-002	
7.97331554e+000	2.22850886e-002	
7.97931955e+000	2.22714463e-002	
7.98532355e+000	2.22578041e-002	
7.99132755e+000	2.22441620e-002	
7.99733155e+000	2.22305200e-002	
8.00333556e+000	2.22168780e-002	
8.00933956e+000	2.22032362e-002	
8.01534356e+000	2.21895944e-002	
8.02134757e+000	2.21759527e-002	
8.02735157e+000	2.21623111e-002	
8.03335557e+000	2.21486696e-002	
8.03935957e+000	2.21350281e-002	
8.04536358e+000	2.21213868e-002	
8.05136758e+000	2.21077455e-002	
8.05737158e+000	2.20941043e-002	
8.06337558e+000	2.20804632e-002	
8.06937959e+000	2.20668222e-002	
8.07538359e+000	2.20531813e-002	
8.08138759e+000	2.20395405e-002	
8.08739159e+000	2.20258997e-002	
8.09339560e+000	2.20122591e-002	
8.09939960e+000	2.19986185e-002	
8.10540360e+000	2.19849780e-002	
8.11140761e+000	2.19713376e-002	
8.11741161e+000	2.19576972e-002	
8.12341561e+000	2.19440570e-002	
8.12941961e+000	2.19304169e-002	
8.13542362e+000	2.19167768e-002	
8.14142762e+000	2.19031368e-002	
8.14743162e+000	2.18894969e-002	
8.15343562e+000	2.18758571e-002	
8.15943963e+000	2.18622174e-002	
8.16544363e+000	2.18485778e-002	
8.17144763e+000	2.18349383e-002	
8.17745163e+000	2.18212988e-002	
8.18345564e+000	2.18076595e-002	
8.18945964e+000	2.17940202e-002	
8.19546364e+000	2.17792512e-002	
8.20146765e+000	2.17637992e-002	
8.20747165e+000	2.17483472e-002	
8.21347565e+000	2.17328952e-002	
8.21947965e+000	2.17174433e-002	
8.22548366e+000	2.17019915e-002	
8.23148766e+000	2.16865397e-002	
8.23749166e+000	2.16710880e-002	
8.24349566e+000	2.16556363e-002	
8.24949967e+000	2.16401846e-002	
8.25550367e+000	2.16247330e-002	
8.26150767e+000	2.16102868e-002	
8.26751167e+000	2.15959715e-002	
8.27351568e+000	2.15816563e-002	
8.27951968e+000	2.15673412e-002	
8.28552368e+000	2.15530261e-002	
8.29152769e+000	2.15387111e-002	
8.29753169e+000	2.15243961e-002	
8.30353569e+000	2.15101857e-002	
8.30953969e+000	2.14961116e-002	
8.31554370e+000	2.14820376e-002	
8.32154770e+000	2.14679637e-002	
8.32755170e+000	2.14538900e-002	
8.33355570e+000	2.14398165e-002	
8.33955971e+000	2.14257431e-002	
8.34556371e+000	2.14116698e-002	
8.35156771e+000	2.13975967e-002	
8.35757171e+000	2.13835237e-002	
8.36357572e+000	2.13694509e-002	
8.36957972e+000	2.13553783e-002	
8.37558372e+000	2.13413057e-002	
8.38158773e+000	2.13272334e-002	
8.38759173e+000	2.13131612e-002	
8.39359573e+000	2.12990891e-002	
8.39959973e+000	2.12850172e-002	
8.40560374e+000	2.12709454e-002	
8.41160774e+000	2.12568738e-002	
8.41761174e+000	2.12428024e-002	
8.42361574e+000	2.12287311e-002	
8.42961975e+000	2.12146599e-002	
8.43562375e+000	2.12005889e-002	
8.44162775e+000	2.11865181e-002	
8.44763175e+000	2.11724474e-002	
8.45363576e+000	2.11583768e-002	
8.45963976e+000	2.11443065e-002	
8.46564376e+000	2.11302362e-002	
8.47164777e+000	2.11161661e-002	
8.47765177e+000	2.11020167e-002	
8.48365577e+000	2.10876364e-002	
8.48965977e+000	2.10732563e-002	
8.49566378e+000	2.10588764e-002	
8.50166778e+000	2.10444967e-002	
8.50767178e+000	2.10301171e-002	
8.51367578e+000	2.10157377e-002	
8.51967979e+000	2.10013585e-002	
8.52568379e+000	2.09869794e-002	
8.53168779e+000	2.09726005e-002	
8.53769179e+000	2.09582218e-002	
8.54369580e+000	2.09438432e-002	
8.54969980e+000	2.09294649e-002	
8.55570380e+000	2.09150867e-002	
8.56170781e+000	2.09007086e-002	
8.56771181e+000	2.08863308e-002	
8.57371581e+000	2.08719531e-002	
8.57971981e+000	2.08575756e-002	
8.58572382e+000	2.08431982e-002	
8.59172782e+000	2.08288211e-002	
8.59773182e+000	2.08144441e-002	
8.60373582e+000	2.07987972e-002	
8.60973983e+000	2.07827794e-002	
8.61574383e+000	2.07667618e-002	
8.62174783e+000	2.07507441e-002	
8.62775183e+000	2.07365307e-002	
8.63375584e+000	2.07247599e-002	
8.63975984e+000	2.07129892e-002	
8.64576384e+000	2.07012185e-002	
8.65176785e+000	2.06894480e-002	
8.65777185e+000	2.06776774e-002	
8.66377585e+000	2.06659070e-002	
8.66977985e+000	2.06541366e-002	
8.67578386e+000	2.06423575e-002	
8.68178786e+000	2.06305525e-002	
8.68779186e+000	2.06187475e-002	
8.69379586e+000	2.06069425e-002	
8.69979987e+000	2.05951375e-002	
8.70580387e+000	2.05833325e-002	
8.71180787e+000	2.05715275e-002	
8.71781187e+000	2.05597225e-002	
8.72381588e+000	2.05479175e-002	
8.72981988e+000	2.05361125e-002	
8.73582388e+000	2.05243075e-002	
8.74182789e+000	2.05125025e-002	
8.74783189e+000	2.05006976e-002	
8.75383589e+000	2.04888926e-002	
8.75983989e+000	2.04770876e-002	
8.76584390e+000	2.04652827e-002	
8.77184790e+000	2.04534777e-002	
8.77785190e+000	2.04416727e-002	
8.78385590e+000	2.04298678e-002	
8.78985991e+000	2.04180628e-002	
8.79586391e+000	2.04062579e-002	
8.80186791e+000	2.03944529e-002	
8.80787191e+000	2.03826480e-002	
8.81387592e+000	2.03708431e-002	
8.81987992e+000	2.03590381e-002	
8.82588392e+000	2.03472332e-002	
8.83188793e+000	2.03354283e-002	
8.83789193e+000	2.03274702e-002	
8.84389593e+000	2.03233182e-002	
8.84989993e+000	2.03191662e-002	
8.85590394e+000	2.03150142e-002	
8.86190794e+000	2.03108623e-002	
8.86791194e+000	2.03067103e-002	
8.87391594e+000	2.03025584e-002	
8.87991995e+000	2.02984065e-002	
8.88592395e+000	2.02942547e-002	
8.89192795e+000	2.02901028e-002	
8.89793195e+000	2.02859510e-002	
8.90393596e+000	2.02817991e-002	
8.90993996e+000	2.02776473e-002	
8.91594396e+000	2.02734956e-002	
8.92194797e+000	2.02693438e-002	
8.92795197e+000	2.02651921e-002	
8.93395597e+000	2.02610403e-002	
8.93995997e+000	2.02568886e-002	
8.94596398e+000	2.02527370e-002	
8.95196798e+000	2.02485853e-002	
8.95797198e+000	2.02444336e-002	
8.96397598e+000	2.02402820e-002	
8.96997999e+000	2.02361304e-002	
8.97598399e+000	2.02319788e-002	
8.98198799e+000	2.02278273e-002	
8.98799199e+000	2.02236757e-002	
8.99399600e+000	2.02195242e-002	
9.00000000e+000	0.00000000e+000	
