% Column 0: Length, m
% Column 1: |B|, Tesla
0.00000000e+000	1.93485777e-001	
5.94179095e-003	1.92280730e-001	
1.18835819e-002	1.91075723e-001	
1.78253729e-002	1.90057569e-001	
2.37671638e-002	1.89061617e-001	
2.97089548e-002	1.88065665e-001	
3.56507457e-002	1.87015889e-001	
4.15925367e-002	1.85889280e-001	
4.75343276e-002	1.84762703e-001	
5.34761186e-002	1.83531842e-001	
5.94179095e-002	1.82299823e-001	
6.53597005e-002	1.81161473e-001	
7.13014914e-002	1.80186318e-001	
7.72432824e-002	1.79211248e-001	
8.31850733e-002	1.78276116e-001	
8.91268643e-002	1.77415510e-001	
9.50686552e-002	1.76554925e-001	
1.01010446e-001	1.75694362e-001	
1.06952237e-001	1.74833820e-001	
1.12894028e-001	1.73973301e-001	
1.18835819e-001	1.73112804e-001	
1.24777610e-001	1.72252330e-001	
1.30719401e-001	1.71382147e-001	
1.36661192e-001	1.70504684e-001	
1.42602983e-001	1.69627542e-001	
1.48544774e-001	1.68750726e-001	
1.54486565e-001	1.67878069e-001	
1.60428356e-001	1.67070233e-001	
1.66370147e-001	1.66262398e-001	
1.72311938e-001	1.65454563e-001	
1.78253729e-001	1.64646728e-001	
1.84195519e-001	1.63838894e-001	
1.90137310e-001	1.63031060e-001	
1.96079101e-001	1.62223227e-001	
2.02020892e-001	1.61415394e-001	
2.07962683e-001	1.60597471e-001	
2.13904474e-001	1.59872603e-001	
2.19846265e-001	1.59144864e-001	
2.25788056e-001	1.58416412e-001	
2.31729847e-001	1.57687982e-001	
2.37671638e-001	1.56959576e-001	
2.43613429e-001	1.56231193e-001	
2.49555220e-001	1.55502834e-001	
2.55497011e-001	1.54774499e-001	
2.61438802e-001	1.54046189e-001	
2.67380593e-001	1.53317904e-001	
2.73322384e-001	1.52681848e-001	
2.79264175e-001	1.52139699e-001	
2.85205966e-001	1.51597554e-001	
2.91147757e-001	1.51055412e-001	
2.97089548e-001	1.50513273e-001	
3.03031338e-001	1.49971138e-001	
3.08973129e-001	1.49429007e-001	
3.14914920e-001	1.48886880e-001	
3.20856711e-001	1.48344756e-001	
3.26798502e-001	1.47802636e-001	
3.32740293e-001	1.47260520e-001	
3.38682084e-001	1.46718408e-001	
3.44623875e-001	1.46176300e-001	
3.50565666e-001	1.45615523e-001	
3.56507457e-001	1.44994987e-001	
3.62449248e-001	1.44374483e-001	
3.68391039e-001	1.43754010e-001	
3.74332830e-001	1.43133570e-001	
3.80274621e-001	1.42513163e-001	
3.86216412e-001	1.41892790e-001	
3.92158203e-001	1.41122051e-001	
3.98099994e-001	1.40316741e-001	
4.04041785e-001	1.39511504e-001	
4.09983576e-001	1.38706342e-001	
4.15925367e-001	1.37901255e-001	
4.21867158e-001	1.37096246e-001	
4.27808948e-001	1.36291315e-001	
4.33750739e-001	1.35486465e-001	
4.39692530e-001	1.34681695e-001	
4.45634321e-001	1.33968306e-001	
4.51576112e-001	1.33529186e-001	
4.57517903e-001	1.33090086e-001	
4.63459694e-001	1.32651006e-001	
4.69401485e-001	1.32211947e-001	
4.75343276e-001	1.31772908e-001	
4.81285067e-001	1.31333890e-001	
4.87226858e-001	1.30894893e-001	
4.93168649e-001	1.30455917e-001	
4.99110440e-001	1.30016962e-001	
5.05052231e-001	1.29578029e-001	
5.10994022e-001	1.29139118e-001	
5.16935813e-001	1.28700229e-001	
5.22877604e-001	1.28261363e-001	
5.28819395e-001	1.27822519e-001	
5.34761186e-001	1.27383697e-001	
5.40702977e-001	1.26944899e-001	
5.46644767e-001	1.26506124e-001	
5.52586558e-001	1.26067373e-001	
5.58528349e-001	1.25628645e-001	
5.64470140e-001	1.25189818e-001	
5.70411931e-001	1.24750849e-001	
5.76353722e-001	1.24311901e-001	
5.82295513e-001	1.23872976e-001	
5.88237304e-001	1.23434074e-001	
5.94179095e-001	1.22995194e-001	
6.00120886e-001	1.22556337e-001	
6.06062677e-001	1.22117504e-001	
6.12004468e-001	1.21678694e-001	
6.17946259e-001	1.21239908e-001	
6.23888050e-001	1.20831630e-001	
6.29829841e-001	1.20440316e-001	
6.35771632e-001	1.20049025e-001	
6.41713423e-001	1.19657759e-001	
6.47655214e-001	1.19266518e-001	
6.53597005e-001	1.18875302e-001	
6.59538796e-001	1.18484111e-001	
6.65480586e-001	1.18092945e-001	
6.71422377e-001	1.17701805e-001	
6.77364168e-001	1.17310691e-001	
6.83305959e-001	1.16919603e-001	
6.89247750e-001	1.16528541e-001	
6.95189541e-001	1.16137506e-001	
7.01131332e-001	1.15746498e-001	
7.07073123e-001	1.15355518e-001	
7.13014914e-001	1.14964564e-001	
7.18956705e-001	1.14573639e-001	
7.24898496e-001	1.14182742e-001	
7.30840287e-001	1.13791873e-001	
7.36782078e-001	1.13401032e-001	
7.42723869e-001	1.13010221e-001	
7.48665660e-001	1.12619439e-001	
7.54607451e-001	1.12228686e-001	
7.60549242e-001	1.11837964e-001	
7.66491033e-001	1.11425890e-001	
7.72432824e-001	1.11002946e-001	
7.78374615e-001	1.10580052e-001	
7.84316406e-001	1.10169587e-001	
7.90258196e-001	1.09848708e-001	
7.96199987e-001	1.09527874e-001	
8.02141778e-001	1.09207086e-001	
8.08083569e-001	1.08886343e-001	
8.14025360e-001	1.08565646e-001	
8.19967151e-001	1.08244996e-001	
8.25908942e-001	1.07924393e-001	
8.31850733e-001	1.07603838e-001	
8.37792524e-001	1.07283330e-001	
8.43734315e-001	1.06962870e-001	
8.49676106e-001	1.06642459e-001	
8.55617897e-001	1.06322097e-001	
8.61559688e-001	1.06001785e-001	
8.67501479e-001	1.05681523e-001	
8.73443270e-001	1.05361311e-001	
8.79385061e-001	1.05041150e-001	
8.85326852e-001	1.04721040e-001	
8.91268643e-001	1.04400983e-001	
8.97210434e-001	1.04080977e-001	
9.03152225e-001	1.03761025e-001	
9.09094015e-001	1.03441126e-001	
9.15035806e-001	1.03121280e-001	
9.20977597e-001	1.02801489e-001	
9.26919388e-001	1.02481753e-001	
9.32861179e-001	1.02159154e-001	
9.38802970e-001	1.01823228e-001	
9.44744761e-001	1.01492537e-001	
9.50686552e-001	1.01171671e-001	
9.56628343e-001	1.00850857e-001	
9.62570134e-001	1.00530098e-001	
9.68511925e-001	1.00209393e-001	
9.74453716e-001	9.98887438e-002	
9.80395507e-001	9.95681497e-002	
9.86337298e-001	9.92476117e-002	
9.92279089e-001	9.89271304e-002	
9.98220880e-001	9.86067063e-002	
1.00416267e+000	9.82863399e-002	
1.01010446e+000	9.79660319e-002	
1.01604625e+000	9.76457828e-002	
1.02198804e+000	9.73255932e-002	
1.02792983e+000	9.70054637e-002	
1.03387163e+000	9.66853948e-002	
1.03981342e+000	9.63728875e-002	
1.04575521e+000	9.60713275e-002	
1.05169700e+000	9.57697717e-002	
1.05763879e+000	9.54682200e-002	
1.06358058e+000	9.51666725e-002	
1.06952237e+000	9.48651292e-002	
1.07546416e+000	9.45635903e-002	
1.08140595e+000	9.42620556e-002	
1.08734774e+000	9.39605253e-002	
1.09328953e+000	9.36589994e-002	
1.09923133e+000	9.33574780e-002	
1.10517312e+000	9.30559611e-002	
1.11111491e+000	9.27544487e-002	
1.11705670e+000	9.24529409e-002	
1.12299849e+000	9.21514377e-002	
1.12894028e+000	9.18499392e-002	
1.13488207e+000	9.15484453e-002	
1.14082386e+000	9.12469563e-002	
1.14676565e+000	9.09454721e-002	
1.15270744e+000	9.06439927e-002	
1.15864924e+000	9.03425182e-002	
1.16459103e+000	9.00461590e-002	
1.17053282e+000	8.97860001e-002	
1.17647461e+000	8.95455272e-002	
1.18241640e+000	8.93465528e-002	
1.18835819e+000	8.91588939e-002	
1.19429998e+000	8.89802641e-002	
1.20024177e+000	8.88016351e-002	
1.20618356e+000	8.86230071e-002	
1.21212535e+000	8.84443800e-002	
1.21806714e+000	8.82657538e-002	
1.22400894e+000	8.80871285e-002	
1.22995073e+000	8.79085042e-002	
1.23589252e+000	8.77298809e-002	
1.24183431e+000	8.75512584e-002	
1.24777610e+000	8.73726370e-002	
1.25371789e+000	8.71940165e-002	
1.25965968e+000	8.70153970e-002	
1.26560147e+000	8.68367785e-002	
1.27154326e+000	8.66581609e-002	
1.27748505e+000	8.64795443e-002	
1.28342685e+000	8.63009288e-002	
1.28936864e+000	8.61223142e-002	
1.29531043e+000	8.59437006e-002	
1.30125222e+000	8.57650881e-002	
1.30719401e+000	8.55864765e-002	
1.31313580e+000	8.54078660e-002	
1.31907759e+000	8.52292565e-002	
1.32501938e+000	8.50506481e-002	
1.33096117e+000	8.48720407e-002	
1.33690296e+000	8.46934344e-002	
1.34284475e+000	8.45148291e-002	
1.34878655e+000	8.43362249e-002	
1.35472834e+000	8.41576217e-002	
1.36067013e+000	8.39790197e-002	
1.36661192e+000	8.38004187e-002	
1.37255371e+000	8.36218188e-002	
1.37849550e+000	8.34432200e-002	
1.38443729e+000	8.32646223e-002	
1.39037908e+000	8.30860258e-002	
1.39632087e+000	8.29074303e-002	
1.40226266e+000	8.27288360e-002	
1.40820446e+000	8.25502428e-002	
1.41414625e+000	8.23716508e-002	
1.42008804e+000	8.21930599e-002	
1.42602983e+000	8.20094962e-002	
1.43197162e+000	8.18178531e-002	
1.43791341e+000	8.16204051e-002	
1.44385520e+000	8.14106921e-002	
1.44979699e+000	8.12009794e-002	
1.45573878e+000	8.09912671e-002	
1.46168057e+000	8.07815551e-002	
1.46762236e+000	8.05653379e-002	
1.47356416e+000	8.03393449e-002	
1.47950595e+000	8.01133519e-002	
1.48544774e+000	7.98873591e-002	
1.49138953e+000	7.96613663e-002	
1.49733132e+000	7.94353735e-002	
1.50327311e+000	7.92093809e-002	
1.50921490e+000	7.89833883e-002	
1.51515669e+000	7.87573958e-002	
1.52109848e+000	7.85314034e-002	
1.52704027e+000	7.83054110e-002	
1.53298207e+000	7.80794188e-002	
1.53892386e+000	7.78534266e-002	
1.54486565e+000	7.76274345e-002	
1.55080744e+000	7.74014424e-002	
1.55674923e+000	7.71754505e-002	
1.56269102e+000	7.69623262e-002	
1.56863281e+000	7.68004132e-002	
1.57457460e+000	7.66385048e-002	
1.58051639e+000	7.64766009e-002	
1.58645818e+000	7.63147016e-002	
1.59239997e+000	7.61528069e-002	
1.59834177e+000	7.59909169e-002	
1.60428356e+000	7.58290315e-002	
1.61022535e+000	7.56671509e-002	
1.61616714e+000	7.55052749e-002	
1.62210893e+000	7.53434037e-002	
1.62805072e+000	7.51815374e-002	
1.63399251e+000	7.50196758e-002	
1.63993430e+000	7.48578191e-002	
1.64587609e+000	7.46959673e-002	
1.65181788e+000	7.45341204e-002	
1.65775968e+000	7.43722784e-002	
1.66370147e+000	7.42104415e-002	
1.66964326e+000	7.40486095e-002	
1.67558505e+000	7.38867826e-002	
1.68152684e+000	7.37249608e-002	
1.68746863e+000	7.35631441e-002	
1.69341042e+000	7.34013325e-002	
1.69935221e+000	7.32395262e-002	
1.70529400e+000	7.30611079e-002	
1.71123579e+000	7.28795269e-002	
1.71717758e+000	7.27097300e-002	
1.72311938e+000	7.25574568e-002	
1.72906117e+000	7.24121105e-002	
1.73500296e+000	7.22722935e-002	
1.74094475e+000	7.21324765e-002	
1.74688654e+000	7.19926596e-002	
1.75282833e+000	7.18528428e-002	
1.75877012e+000	7.17130260e-002	
1.76471191e+000	7.15732093e-002	
1.77065370e+000	7.14333927e-002	
1.77659549e+000	7.12935762e-002	
1.78253729e+000	7.11537597e-002	
1.78847908e+000	7.10139432e-002	
1.79442087e+000	7.08716229e-002	
1.80036266e+000	7.07262905e-002	
1.80630445e+000	7.05809582e-002	
1.81224624e+000	7.04356259e-002	
1.81818803e+000	7.02902936e-002	
1.82412982e+000	7.01449614e-002	
1.83007161e+000	6.99996291e-002	
1.83601340e+000	6.98542969e-002	
1.84195519e+000	6.97089647e-002	
1.84789699e+000	6.95636326e-002	
1.85383878e+000	6.94183004e-002	
1.85978057e+000	6.92729683e-002	
1.86572236e+000	6.91276362e-002	
1.87166415e+000	6.89852383e-002	
1.87760594e+000	6.88441519e-002	
1.88354773e+000	6.87030665e-002	
1.88948952e+000	6.85619818e-002	
1.89543131e+000	6.84175319e-002	
1.90137310e+000	6.82629731e-002	
1.90731490e+000	6.81084146e-002	
1.91325669e+000	6.79538565e-002	
1.91919848e+000	6.77992988e-002	
1.92514027e+000	6.76447413e-002	
1.93108206e+000	6.74901843e-002	
1.93702385e+000	6.73356275e-002	
1.94296564e+000	6.71810711e-002	
1.94890743e+000	6.70265151e-002	
1.95484922e+000	6.68719594e-002	
1.96079101e+000	6.67174041e-002	
1.96673280e+000	6.65628492e-002	
1.97267460e+000	6.64082946e-002	
1.97861639e+000	6.62537403e-002	
1.98455818e+000	6.61067755e-002	
1.99049997e+000	6.59853092e-002	
1.99644176e+000	6.58638438e-002	
2.00238355e+000	6.57423793e-002	
2.00832534e+000	6.56209158e-002	
2.01426713e+000	6.54994533e-002	
2.02020892e+000	6.53779917e-002	
2.02615071e+000	6.52565311e-002	
2.03209251e+000	6.51350715e-002	
2.03803430e+000	6.50136128e-002	
2.04397609e+000	6.48935853e-002	
2.04991788e+000	6.47741180e-002	
2.05585967e+000	6.46546543e-002	
2.06180146e+000	6.45351943e-002	
2.06774325e+000	6.44157380e-002	
2.07368504e+000	6.42962853e-002	
2.07962683e+000	6.41768364e-002	
2.08556862e+000	6.40573912e-002	
2.09151041e+000	6.39379497e-002	
2.09745221e+000	6.38185121e-002	
2.10339400e+000	6.36990782e-002	
2.10933579e+000	6.35796481e-002	
2.11527758e+000	6.34602219e-002	
2.12121937e+000	6.33407995e-002	
2.12716116e+000	6.32213810e-002	
2.13310295e+000	6.31019664e-002	
2.13904474e+000	6.29825558e-002	
2.14498653e+000	6.28693755e-002	
2.15092832e+000	6.27626775e-002	
2.15687012e+000	6.26559805e-002	
2.16281191e+000	6.25492846e-002	
2.16875370e+000	6.24425898e-002	
2.17469549e+000	6.23358960e-002	
2.18063728e+000	6.22292033e-002	
2.18657907e+000	6.21225117e-002	
2.19252086e+000	6.20158211e-002	
2.19846265e+000	6.19091316e-002	
2.20440444e+000	6.18024432e-002	
2.21034623e+000	6.16957559e-002	
2.21628802e+000	6.15890697e-002	
2.22222982e+000	6.14827969e-002	
2.22817161e+000	6.13781752e-002	
2.23411340e+000	6.12735559e-002	
2.24005519e+000	6.11689391e-002	
2.24599698e+000	6.10643248e-002	
2.25193877e+000	6.09597131e-002	
2.25788056e+000	6.08551039e-002	
2.26382235e+000	6.07504972e-002	
2.26976414e+000	6.06458931e-002	
2.27570593e+000	6.05412916e-002	
2.28164773e+000	6.04366927e-002	
2.28758952e+000	6.03320964e-002	
2.29353131e+000	6.02275026e-002	
2.29947310e+000	6.01229116e-002	
2.30541489e+000	6.00183231e-002	
2.31135668e+000	5.99137373e-002	
2.31729847e+000	5.98091542e-002	
2.32324026e+000	5.97045738e-002	
2.32918205e+000	5.95999960e-002	
2.33512384e+000	5.94954210e-002	
2.34106563e+000	5.93908487e-002	
2.34700743e+000	5.92892082e-002	
2.35294922e+000	5.91882986e-002	
2.35889101e+000	5.90873925e-002	
2.36483280e+000	5.89864898e-002	
2.37077459e+000	5.88855907e-002	
2.37671638e+000	5.87846950e-002	
2.38265817e+000	5.86842663e-002	
2.38859996e+000	5.85853581e-002	
2.39454175e+000	5.84864501e-002	
2.40048354e+000	5.83875424e-002	
2.40642534e+000	5.82886348e-002	
2.41236713e+000	5.81897276e-002	
2.41830892e+000	5.80908205e-002	
2.42425071e+000	5.79919137e-002	
2.43019250e+000	5.78930072e-002	
2.43613429e+000	5.77941009e-002	
2.44207608e+000	5.76951948e-002	
2.44801787e+000	5.75962890e-002	
2.45395966e+000	5.74973834e-002	
2.45990145e+000	5.73984780e-002	
2.46584324e+000	5.72995730e-002	
2.47178504e+000	5.71960306e-002	
2.47772683e+000	5.70875490e-002	
2.48366862e+000	5.69790703e-002	
2.48961041e+000	5.68705945e-002	
2.49555220e+000	5.67621216e-002	
2.50149399e+000	5.66536516e-002	
2.50743578e+000	5.65451845e-002	
2.51337757e+000	5.64386443e-002	
2.51931936e+000	5.63327979e-002	
2.52526115e+000	5.62269520e-002	
2.53120295e+000	5.61211067e-002	
2.53714474e+000	5.60152619e-002	
2.54308653e+000	5.59094176e-002	
2.54902832e+000	5.58035739e-002	
2.55497011e+000	5.56977308e-002	
2.56091190e+000	5.55918882e-002	
2.56685369e+000	5.54860461e-002	
2.57279548e+000	5.53802046e-002	
2.57873727e+000	5.52743637e-002	
2.58467906e+000	5.51685233e-002	
2.59062085e+000	5.50626835e-002	
2.59656265e+000	5.49568443e-002	
2.60250444e+000	5.48640706e-002	
2.60844623e+000	5.47815732e-002	
2.61438802e+000	5.46990758e-002	
2.62032981e+000	5.46165785e-002	
2.62627160e+000	5.45340814e-002	
2.63221339e+000	5.44515843e-002	
2.63815518e+000	5.43690873e-002	
2.64409697e+000	5.42865904e-002	
2.65003876e+000	5.42040936e-002	
2.65598056e+000	5.41215969e-002	
2.66192235e+000	5.40391003e-002	
2.66786414e+000	5.39566038e-002	
2.67380593e+000	5.38741074e-002	
2.67974772e+000	5.37916111e-002	
2.68568951e+000	5.37091150e-002	
2.69163130e+000	5.36278457e-002	
2.69757309e+000	5.35504830e-002	
2.70351488e+000	5.34731205e-002	
2.70945667e+000	5.33957582e-002	
2.71539846e+000	5.33183959e-002	
2.72134026e+000	5.32410338e-002	
2.72728205e+000	5.31636719e-002	
2.73322384e+000	5.30863100e-002	
2.73916563e+000	5.30088636e-002	
2.74510742e+000	5.29245167e-002	
2.75104921e+000	5.28401697e-002	
2.75699100e+000	5.27558228e-002	
2.76293279e+000	5.26714760e-002	
2.76887458e+000	5.25871291e-002	
2.77481637e+000	5.25027823e-002	
2.78075817e+000	5.24184355e-002	
2.78669996e+000	5.23340888e-002	
2.79264175e+000	5.22497420e-002	
2.79858354e+000	5.21653953e-002	
2.80452533e+000	5.20810487e-002	
2.81046712e+000	5.19967020e-002	
2.81640891e+000	5.19123554e-002	
2.82235070e+000	5.18280088e-002	
2.82829249e+000	5.17436622e-002	
2.83423428e+000	5.16593157e-002	
2.84017607e+000	5.15749692e-002	
2.84611787e+000	5.14906228e-002	
2.85205966e+000	5.14062763e-002	
2.85800145e+000	5.13219299e-002	
2.86394324e+000	5.12375835e-002	
2.86988503e+000	5.11532372e-002	
2.87582682e+000	5.10668235e-002	
2.88176861e+000	5.09773952e-002	
2.88771040e+000	5.08879670e-002	
2.89365219e+000	5.08081327e-002	
2.89959398e+000	5.07408289e-002	
2.90553577e+000	5.06735253e-002	
2.91147757e+000	5.06062219e-002	
2.91741936e+000	5.05391261e-002	
2.92336115e+000	5.04724444e-002	
2.92930294e+000	5.04057628e-002	
2.93524473e+000	5.03390811e-002	
2.94118652e+000	5.02723994e-002	
2.94712831e+000	5.02057178e-002	
2.95307010e+000	5.01390361e-002	
2.95901189e+000	5.00723545e-002	
2.96495368e+000	5.00056728e-002	
2.97089548e+000	4.99389912e-002	
2.97683727e+000	4.98723095e-002	
2.98277906e+000	4.98056278e-002	
2.98872085e+000	4.97389462e-002	
2.99466264e+000	4.96722645e-002	
3.00060443e+000	4.96055829e-002	
3.00654622e+000	4.95389012e-002	
3.01248801e+000	4.94722196e-002	
3.01842980e+000	4.94055379e-002	
3.02437159e+000	4.93388562e-002	
3.03031338e+000	4.92721746e-002	
3.03625518e+000	4.92054929e-002	
3.04219697e+000	4.91388113e-002	
3.04813876e+000	4.90721296e-002	
3.05408055e+000	4.90054480e-002	
3.06002234e+000	4.89387663e-002	
3.06596413e+000	4.88720847e-002	
3.07190592e+000	4.88008163e-002	
3.07784771e+000	4.87281032e-002	
3.08378950e+000	4.86553904e-002	
3.08973129e+000	4.85826777e-002	
3.09567309e+000	4.85099653e-002	
3.10161488e+000	4.84372530e-002	
3.10755667e+000	4.83645410e-002	
3.11349846e+000	4.82918292e-002	
3.11944025e+000	4.82191176e-002	
3.12538204e+000	4.81464062e-002	
3.13132383e+000	4.80736951e-002	
3.13726562e+000	4.80009841e-002	
3.14320741e+000	4.79260446e-002	
3.14914920e+000	4.78501584e-002	
3.15509099e+000	4.77742722e-002	
3.16103279e+000	4.76983860e-002	
3.16697458e+000	4.76224998e-002	
3.17291637e+000	4.75466136e-002	
3.17885816e+000	4.74707274e-002	
3.18479995e+000	4.73948413e-002	
3.19074174e+000	4.73189551e-002	
3.19668353e+000	4.72430690e-002	
3.20262532e+000	4.71705982e-002	
3.20856711e+000	4.71078137e-002	
3.21450890e+000	4.70450294e-002	
3.22045070e+000	4.69822452e-002	
3.22639249e+000	4.69194612e-002	
3.23233428e+000	4.68566773e-002	
3.23827607e+000	4.67938936e-002	
3.24421786e+000	4.67311101e-002	
3.25015965e+000	4.66683268e-002	
3.25610144e+000	4.66055436e-002	
3.26204323e+000	4.65427606e-002	
3.26798502e+000	4.64799778e-002	
3.27392681e+000	4.64171951e-002	
3.27986860e+000	4.63544126e-002	
3.28581040e+000	4.62916303e-002	
3.29175219e+000	4.62308139e-002	
3.29769398e+000	4.61709178e-002	
3.30363577e+000	4.61110217e-002	
3.30957756e+000	4.60511257e-002	
3.31551935e+000	4.59912297e-002	
3.32146114e+000	4.59313337e-002	
3.32740293e+000	4.58714378e-002	
3.33334472e+000	4.58115419e-002	
3.33928651e+000	4.57513736e-002	
3.34522831e+000	4.56903566e-002	
3.35117010e+000	4.56293397e-002	
3.35711189e+000	4.55683229e-002	
3.36305368e+000	4.55073060e-002	
3.36899547e+000	4.54462892e-002	
3.37493726e+000	4.53852724e-002	
3.38087905e+000	4.53242556e-002	
3.38682084e+000	4.52632389e-002	
3.39276263e+000	4.52022222e-002	
3.39870442e+000	4.51412055e-002	
3.40464621e+000	4.50801888e-002	
3.41058801e+000	4.50191722e-002	
3.41652980e+000	4.49581556e-002	
3.42247159e+000	4.48971390e-002	
3.42841338e+000	4.48361224e-002	
3.43435517e+000	4.47751059e-002	
3.44029696e+000	4.47156776e-002	
3.44623875e+000	4.46586418e-002	
3.45218054e+000	4.46016060e-002	
3.45812233e+000	4.45445702e-002	
3.46406412e+000	4.44875345e-002	
3.47000592e+000	4.44304987e-002	
3.47594771e+000	4.43734629e-002	
3.48188950e+000	4.43164271e-002	
3.48783129e+000	4.42593913e-002	
3.49377308e+000	4.42023556e-002	
3.49971487e+000	4.41464261e-002	
3.50565666e+000	4.41011441e-002	
3.51159845e+000	4.40558623e-002	
3.51754024e+000	4.40105805e-002	
3.52348203e+000	4.39652989e-002	
3.52942382e+000	4.39200175e-002	
3.53536562e+000	4.38747361e-002	
3.54130741e+000	4.38294549e-002	
3.54724920e+000	4.37841739e-002	
3.55319099e+000	4.37388929e-002	
3.55913278e+000	4.36936121e-002	
3.56507457e+000	4.36483314e-002	
3.57101636e+000	4.36030509e-002	
3.57695815e+000	4.35572707e-002	
3.58289994e+000	4.35098305e-002	
3.58884173e+000	4.34623930e-002	
3.59478353e+000	4.34149582e-002	
3.60072532e+000	4.33675262e-002	
3.60666711e+000	4.33200968e-002	
3.61260890e+000	4.32726702e-002	
3.61855069e+000	4.32252464e-002	
3.62449248e+000	4.31778253e-002	
3.63043427e+000	4.31304069e-002	
3.63637606e+000	4.30829914e-002	
3.64231785e+000	4.30355786e-002	
3.64825964e+000	4.29881686e-002	
3.65420143e+000	4.29355974e-002	
3.66014323e+000	4.28642379e-002	
3.66608502e+000	4.27928788e-002	
3.67202681e+000	4.27215202e-002	
3.67796860e+000	4.26501620e-002	
3.68391039e+000	4.25788044e-002	
3.68985218e+000	4.25074472e-002	
3.69579397e+000	4.24360905e-002	
3.70173576e+000	4.23647342e-002	
3.70767755e+000	4.22933785e-002	
3.71361934e+000	4.22232316e-002	
3.71956114e+000	4.21692381e-002	
3.72550293e+000	4.21152448e-002	
3.73144472e+000	4.20612515e-002	
3.73738651e+000	4.20072584e-002	
3.74332830e+000	4.19532654e-002	
3.74927009e+000	4.18992725e-002	
3.75521188e+000	4.18452797e-002	
3.76115367e+000	4.17912871e-002	
3.76709546e+000	4.17372945e-002	
3.77303725e+000	4.16833021e-002	
3.77897904e+000	4.16293098e-002	
3.78492084e+000	4.15753176e-002	
3.79086263e+000	4.15207019e-002	
3.79680442e+000	4.14638197e-002	
3.80274621e+000	4.14069377e-002	
3.80868800e+000	4.13500561e-002	
3.81462979e+000	4.12931748e-002	
3.82057158e+000	4.12362938e-002	
3.82651337e+000	4.11794131e-002	
3.83245516e+000	4.11225328e-002	
3.83839695e+000	4.10656527e-002	
3.84433875e+000	4.10087730e-002	
3.85028054e+000	4.09518936e-002	
3.85622233e+000	4.08950146e-002	
3.86216412e+000	4.08381358e-002	
3.86810591e+000	4.07846658e-002	
3.87404770e+000	4.07328737e-002	
3.87998949e+000	4.06810853e-002	
3.88593128e+000	4.06293005e-002	
3.89187307e+000	4.05775194e-002	
3.89781486e+000	4.05257420e-002	
3.90375665e+000	4.04739684e-002	
3.90969845e+000	4.04221984e-002	
3.91564024e+000	4.03704322e-002	
3.92158203e+000	4.03186698e-002	
3.92752382e+000	4.02669111e-002	
3.93346561e+000	4.02151562e-002	
3.93940740e+000	4.01634051e-002	
3.94534919e+000	4.01116578e-002	
3.95129098e+000	4.00599143e-002	
3.95723277e+000	4.00081747e-002	
3.96317456e+000	3.99564389e-002	
3.96911636e+000	3.99047071e-002	
3.97505815e+000	3.98529791e-002	
3.98099994e+000	3.98012549e-002	
3.98694173e+000	3.97529875e-002	
3.99288352e+000	3.97097853e-002	
3.99882531e+000	3.96665833e-002	
4.00476710e+000	3.96271505e-002	
4.01070889e+000	3.95877323e-002	
4.01665068e+000	3.95483166e-002	
4.02259247e+000	3.95089032e-002	
4.02853426e+000	3.94694923e-002	
4.03447606e+000	3.94300837e-002	
4.04041785e+000	3.93906776e-002	
4.04635964e+000	3.93512739e-002	
4.05230143e+000	3.93118726e-002	
4.05824322e+000	3.92724738e-002	
4.06418501e+000	3.92330774e-002	
4.07012680e+000	3.91936835e-002	
4.07606859e+000	3.91542921e-002	
4.08201038e+000	3.91149031e-002	
4.08795217e+000	3.90755166e-002	
4.09389397e+000	3.90361326e-002	
4.09983576e+000	3.89967510e-002	
4.10577755e+000	3.89573720e-002	
4.11171934e+000	3.89179955e-002	
4.11766113e+000	3.88786215e-002	
4.12360292e+000	3.88381769e-002	
4.12954471e+000	3.87929211e-002	
4.13548650e+000	3.87476654e-002	
4.14142829e+000	3.87024099e-002	
4.14737008e+000	3.86571545e-002	
4.15331187e+000	3.86118994e-002	
4.15925367e+000	3.85666444e-002	
4.16519546e+000	3.85213895e-002	
4.17113725e+000	3.84761348e-002	
4.17707904e+000	3.84308803e-002	
4.18302083e+000	3.83856260e-002	
4.18896262e+000	3.83403718e-002	
4.19490441e+000	3.82951178e-002	
4.20084620e+000	3.82498639e-002	
4.20678799e+000	3.82046103e-002	
4.21272978e+000	3.81593568e-002	
4.21867158e+000	3.81141034e-002	
4.22461337e+000	3.80688503e-002	
4.23055516e+000	3.80235973e-002	
4.23649695e+000	3.79783445e-002	
4.24243874e+000	3.79323034e-002	
4.24838053e+000	3.78837150e-002	
4.25432232e+000	3.78351266e-002	
4.26026411e+000	3.77865382e-002	
4.26620590e+000	3.77379499e-002	
4.27214769e+000	3.76893615e-002	
4.27808948e+000	3.76479786e-002	
4.28403128e+000	3.76088319e-002	
4.28997307e+000	3.75696853e-002	
4.29591486e+000	3.75305387e-002	
4.30185665e+000	3.74913922e-002	
4.30779844e+000	3.74529032e-002	
4.31374023e+000	3.74146311e-002	
4.31968202e+000	3.73763591e-002	
4.32562381e+000	3.73380870e-002	
4.33156560e+000	3.72998150e-002	
4.33750739e+000	3.72615429e-002	
4.34344919e+000	3.72232709e-002	
4.34939098e+000	3.71849988e-002	
4.35533277e+000	3.71467267e-002	
4.36127456e+000	3.71084547e-002	
4.36721635e+000	3.70701826e-002	
4.37315814e+000	3.70319106e-002	
4.37909993e+000	3.69936385e-002	
4.38504172e+000	3.69553665e-002	
4.39098351e+000	3.69170944e-002	
4.39692530e+000	3.68788224e-002	
4.40286709e+000	3.68405503e-002	
4.40880889e+000	3.68022782e-002	
4.41475068e+000	3.67640062e-002	
4.42069247e+000	3.67257341e-002	
4.42663426e+000	3.66874621e-002	
4.43257605e+000	3.66491900e-002	
4.43851784e+000	3.66086938e-002	
4.44445963e+000	3.65675768e-002	
4.45040142e+000	3.65264611e-002	
4.45634321e+000	3.64853466e-002	
4.46228500e+000	3.64442334e-002	
4.46822680e+000	3.64031216e-002	
4.47416859e+000	3.63620110e-002	
4.48011038e+000	3.63175733e-002	
4.48605217e+000	3.62699753e-002	
4.49199396e+000	3.62223774e-002	
4.49793575e+000	3.61747797e-002	
4.50387754e+000	3.61271823e-002	
4.50981933e+000	3.60795851e-002	
4.51576112e+000	3.60319880e-002	
4.52170291e+000	3.59843912e-002	
4.52764470e+000	3.59367946e-002	
4.53358650e+000	3.58891982e-002	
4.53952829e+000	3.58420379e-002	
4.54547008e+000	3.58046293e-002	
4.55141187e+000	3.57672212e-002	
4.55735366e+000	3.57298134e-002	
4.56329545e+000	3.56924060e-002	
4.56923724e+000	3.56549990e-002	
4.57517903e+000	3.56175924e-002	
4.58112082e+000	3.55801861e-002	
4.58706261e+000	3.55427802e-002	
4.59300441e+000	3.55053748e-002	
4.59894620e+000	3.54679697e-002	
4.60488799e+000	3.54305650e-002	
4.61082978e+000	3.53931607e-002	
4.61677157e+000	3.53557567e-002	
4.62271336e+000	3.53183532e-002	
4.62865515e+000	3.52809501e-002	
4.63459694e+000	3.52435473e-002	
4.64053873e+000	3.52061450e-002	
4.64648052e+000	3.51686145e-002	
4.65242231e+000	3.51363573e-002	
4.65836411e+000	3.51053965e-002	
4.66430590e+000	3.50748743e-002	
4.67024769e+000	3.50443522e-002	
4.67618948e+000	3.50138303e-002	
4.68213127e+000	3.49833085e-002	
4.68807306e+000	3.49527869e-002	
4.69401485e+000	3.49222655e-002	
4.69995664e+000	3.48917442e-002	
4.70589843e+000	3.48612231e-002	
4.71184022e+000	3.48307021e-002	
4.71778202e+000	3.48001812e-002	
4.72372381e+000	3.47696606e-002	
4.72966560e+000	3.47391401e-002	
4.73560739e+000	3.47086197e-002	
4.74154918e+000	3.46780995e-002	
4.74749097e+000	3.46475794e-002	
4.75343276e+000	3.46170595e-002	
4.75937455e+000	3.45865398e-002	
4.76531634e+000	3.45560202e-002	
4.77125813e+000	3.45255008e-002	
4.77719992e+000	3.44949816e-002	
4.78314172e+000	3.44644625e-002	
4.78908351e+000	3.44339435e-002	
4.79502530e+000	3.43973479e-002	
4.80096709e+000	3.43587697e-002	
4.80690888e+000	3.43201916e-002	
4.81285067e+000	3.42816137e-002	
4.81879246e+000	3.42430359e-002	
4.82473425e+000	3.42044582e-002	
4.83067604e+000	3.41658807e-002	
4.83661783e+000	3.41273034e-002	
4.84255962e+000	3.40887262e-002	
4.84850142e+000	3.40501965e-002	
4.85444321e+000	3.40116900e-002	
4.86038500e+000	3.39731839e-002	
4.86632679e+000	3.39346782e-002	
4.87226858e+000	3.38961729e-002	
4.87821037e+000	3.38576680e-002	
4.88415216e+000	3.38191635e-002	
4.89009395e+000	3.37806594e-002	
4.89603574e+000	3.37421557e-002	
4.90197753e+000	3.37036524e-002	
4.90791933e+000	3.36731729e-002	
4.91386112e+000	3.36431319e-002	
4.91980291e+000	3.36130909e-002	
4.92574470e+000	3.35830500e-002	
4.93168649e+000	3.35530090e-002	
4.93762828e+000	3.35229680e-002	
4.94357007e+000	3.34929271e-002	
4.94951186e+000	3.34628861e-002	
4.95545365e+000	3.34328451e-002	
4.96139544e+000	3.34028042e-002	
4.96733723e+000	3.33727632e-002	
4.97327903e+000	3.33427223e-002	
4.97922082e+000	3.33126814e-002	
4.98516261e+000	3.32826404e-002	
4.99110440e+000	3.32525995e-002	
4.99704619e+000	3.32225586e-002	
5.00298798e+000	3.31925176e-002	
5.00892977e+000	3.31624767e-002	
5.01487156e+000	3.31304402e-002	
5.02081335e+000	3.30967289e-002	
5.02675514e+000	3.30630178e-002	
5.03269694e+000	3.30293068e-002	
5.03863873e+000	3.29951339e-002	
5.04458052e+000	3.29584727e-002	
5.05052231e+000	3.29218116e-002	
5.05646410e+000	3.28851506e-002	
5.06240589e+000	3.28484896e-002	
5.06834768e+000	3.28118286e-002	
5.07428947e+000	3.27751677e-002	
5.08023126e+000	3.27385068e-002	
5.08617305e+000	3.27018460e-002	
5.09211484e+000	3.26651852e-002	
5.09805664e+000	3.26285245e-002	
5.10399843e+000	3.25918638e-002	
5.10994022e+000	3.25552031e-002	
5.11588201e+000	3.25185425e-002	
5.12182380e+000	3.24818820e-002	
5.12776559e+000	3.24452215e-002	
5.13370738e+000	3.24085610e-002	
5.13964917e+000	3.23719006e-002	
5.14559096e+000	3.23352402e-002	
5.15153275e+000	3.22985799e-002	
5.15747455e+000	3.22619196e-002	
5.16341634e+000	3.22252594e-002	
5.16935813e+000	3.21885992e-002	
5.17529992e+000	3.21519390e-002	
5.18124171e+000	3.21178197e-002	
5.18718350e+000	3.20859041e-002	
5.19312529e+000	3.20575777e-002	
5.19906708e+000	3.20314305e-002	
5.20500887e+000	3.20068481e-002	
5.21095066e+000	3.19822656e-002	
5.21689245e+000	3.19576832e-002	
5.22283425e+000	3.19331009e-002	
5.22877604e+000	3.19085185e-002	
5.23471783e+000	3.18839361e-002	
5.24065962e+000	3.18593538e-002	
5.24660141e+000	3.18347714e-002	
5.25254320e+000	3.18101891e-002	
5.25848499e+000	3.17856067e-002	
5.26442678e+000	3.17610244e-002	
5.27036857e+000	3.17364421e-002	
5.27631036e+000	3.17118598e-002	
5.28225216e+000	3.16872775e-002	
5.28819395e+000	3.16626952e-002	
5.29413574e+000	3.16381129e-002	
5.30007753e+000	3.16135307e-002	
5.30601932e+000	3.15885576e-002	
5.31196111e+000	3.15633571e-002	
5.31790290e+000	3.15381567e-002	
5.32384469e+000	3.15129562e-002	
5.32978648e+000	3.14877557e-002	
5.33572827e+000	3.14625552e-002	
5.34167006e+000	3.14373548e-002	
5.34761186e+000	3.14121543e-002	
5.35355365e+000	3.13869538e-002	
5.35949544e+000	3.13617533e-002	
5.36543723e+000	3.13365529e-002	
5.37137902e+000	3.13113524e-002	
5.37732081e+000	3.12861519e-002	
5.38326260e+000	3.12609515e-002	
5.38920439e+000	3.12357510e-002	
5.39514618e+000	3.12105505e-002	
5.40108797e+000	3.11853500e-002	
5.40702977e+000	3.11601496e-002	
5.41297156e+000	3.11349491e-002	
5.41891335e+000	3.11097486e-002	
5.42485514e+000	3.10842325e-002	
5.43079693e+000	3.10574926e-002	
5.43673872e+000	3.10307527e-002	
5.44268051e+000	3.09984524e-002	
5.44862230e+000	3.09643292e-002	
5.45456409e+000	3.09302061e-002	
5.46050588e+000	3.08960829e-002	
5.46644767e+000	3.08619598e-002	
5.47238947e+000	3.08278367e-002	
5.47833126e+000	3.07937137e-002	
5.48427305e+000	3.07595906e-002	
5.49021484e+000	3.07254676e-002	
5.49615663e+000	3.06913445e-002	
5.50209842e+000	3.06572215e-002	
5.50804021e+000	3.06230986e-002	
5.51398200e+000	3.05889756e-002	
5.51992379e+000	3.05548526e-002	
5.52586558e+000	3.05207297e-002	
5.53180738e+000	3.04866068e-002	
5.53774917e+000	3.04524839e-002	
5.54369096e+000	3.04183611e-002	
5.54963275e+000	3.03842382e-002	
5.55557454e+000	3.03501154e-002	
5.56151633e+000	3.03159926e-002	
5.56745812e+000	3.02818698e-002	
5.57339991e+000	3.02477470e-002	
5.57934170e+000	3.02160762e-002	
5.58528349e+000	3.01906916e-002	
5.59122528e+000	3.01653071e-002	
5.59716708e+000	3.01399225e-002	
5.60310887e+000	3.01145380e-002	
5.60905066e+000	3.00888867e-002	
5.61499245e+000	3.00630419e-002	
5.62093424e+000	3.00371972e-002	
5.62687603e+000	3.00113526e-002	
5.63281782e+000	2.99855080e-002	
5.63875961e+000	2.99596635e-002	
5.64470140e+000	2.99338191e-002	
5.65064319e+000	2.99079747e-002	
5.65658499e+000	2.98821304e-002	
5.66252678e+000	2.98562862e-002	
5.66846857e+000	2.98304421e-002	
5.67441036e+000	2.98045980e-002	
5.68035215e+000	2.97787540e-002	
5.68629394e+000	2.97529101e-002	
5.69223573e+000	2.97270662e-002	
5.69817752e+000	2.97012224e-002	
5.70411931e+000	2.96753787e-002	
5.71006110e+000	2.96495351e-002	
5.71600289e+000	2.96236915e-002	
5.72194469e+000	2.95978481e-002	
5.72788648e+000	2.95720046e-002	
5.73382827e+000	2.95461613e-002	
5.73977006e+000	2.95203180e-002	
5.74571185e+000	2.94944748e-002	
5.75165364e+000	2.94685824e-002	
5.75759543e+000	2.94426765e-002	
5.76353722e+000	2.94167707e-002	
5.76947901e+000	2.93908650e-002	
5.77542080e+000	2.93649594e-002	
5.78136260e+000	2.93390538e-002	
5.78730439e+000	2.93131484e-002	
5.79324618e+000	2.92872431e-002	
5.79918797e+000	2.92613378e-002	
5.80512976e+000	2.92354326e-002	
5.81107155e+000	2.92095276e-002	
5.81701334e+000	2.91851759e-002	
5.82295513e+000	2.91614593e-002	
5.82889692e+000	2.91377427e-002	
5.83483871e+000	2.91140261e-002	
5.84078050e+000	2.90903096e-002	
5.84672230e+000	2.90665932e-002	
5.85266409e+000	2.90428767e-002	
5.85860588e+000	2.90191603e-002	
5.86454767e+000	2.89954440e-002	
5.87048946e+000	2.89717277e-002	
5.87643125e+000	2.89480114e-002	
5.88237304e+000	2.89242952e-002	
5.88831483e+000	2.89005790e-002	
5.89425662e+000	2.88766241e-002	
5.90019841e+000	2.88525809e-002	
5.90614021e+000	2.88285377e-002	
5.91208200e+000	2.88044948e-002	
5.91802379e+000	2.87804519e-002	
5.92396558e+000	2.87564092e-002	
5.92990737e+000	2.87323667e-002	
5.93584916e+000	2.87083243e-002	
5.94179095e+000	2.86842820e-002	
5.94773274e+000	2.86602399e-002	
5.95367453e+000	2.86361980e-002	
5.95961632e+000	2.86121562e-002	
5.96555811e+000	2.85881145e-002	
5.97149991e+000	2.85640730e-002	
5.97744170e+000	2.85400316e-002	
5.98338349e+000	2.85159904e-002	
5.98932528e+000	2.84919493e-002	
5.99526707e+000	2.84679084e-002	
6.00120886e+000	2.84438676e-002	
6.00715065e+000	2.84198270e-002	
6.01309244e+000	2.83957865e-002	
6.01903423e+000	2.83717462e-002	
6.02497602e+000	2.83477060e-002	
6.03091782e+000	2.83236660e-002	
6.03685961e+000	2.82988077e-002	
6.04280140e+000	2.82739056e-002	
6.04874319e+000	2.82490037e-002	
6.05468498e+000	2.82241021e-002	
6.06062677e+000	2.81992008e-002	
6.06656856e+000	2.81742996e-002	
6.07251035e+000	2.81516912e-002	
6.07845214e+000	2.81295243e-002	
6.08439393e+000	2.81073576e-002	
6.09033572e+000	2.80851911e-002	
6.09627752e+000	2.80630248e-002	
6.10221931e+000	2.80408588e-002	
6.10816110e+000	2.80186929e-002	
6.11410289e+000	2.79965273e-002	
6.12004468e+000	2.79743618e-002	
6.12598647e+000	2.79521966e-002	
6.13192826e+000	2.79300316e-002	
6.13787005e+000	2.79078668e-002	
6.14381184e+000	2.78857023e-002	
6.14975363e+000	2.78635379e-002	
6.15569543e+000	2.78413738e-002	
6.16163722e+000	2.78192098e-002	
6.16757901e+000	2.77970461e-002	
6.17352080e+000	2.77748827e-002	
6.17946259e+000	2.77536590e-002	
6.18540438e+000	2.77325378e-002	
6.19134617e+000	2.77101821e-002	
6.19728796e+000	2.76876923e-002	
6.20322975e+000	2.76652027e-002	
6.20917154e+000	2.76427133e-002	
6.21511333e+000	2.76202240e-002	
6.22105513e+000	2.75977348e-002	
6.22699692e+000	2.75752457e-002	
6.23293871e+000	2.75527568e-002	
6.23888050e+000	2.75302681e-002	
6.24482229e+000	2.75077794e-002	
6.25076408e+000	2.74852909e-002	
6.25670587e+000	2.74628026e-002	
6.26264766e+000	2.74403144e-002	
6.26858945e+000	2.74178263e-002	
6.27453124e+000	2.73953384e-002	
6.28047304e+000	2.73728506e-002	
6.28641483e+000	2.73503629e-002	
6.29235662e+000	2.73278754e-002	
6.29829841e+000	2.73053880e-002	
6.30424020e+000	2.72832544e-002	
6.31018199e+000	2.72622089e-002	
6.31612378e+000	2.72411634e-002	
6.32206557e+000	2.72198154e-002	
6.32800736e+000	2.71982773e-002	
6.33394915e+000	2.71767392e-002	
6.33989094e+000	2.71552011e-002	
6.34583274e+000	2.71336631e-002	
6.35177453e+000	2.71121251e-002	
6.35771632e+000	2.70905871e-002	
6.36365811e+000	2.70690492e-002	
6.36959990e+000	2.70475113e-002	
6.37554169e+000	2.70259734e-002	
6.38148348e+000	2.70044355e-002	
6.38742527e+000	2.69828977e-002	
6.39336706e+000	2.69613599e-002	
6.39930885e+000	2.69398221e-002	
6.40525065e+000	2.69182843e-002	
6.41119244e+000	2.68967466e-002	
6.41713423e+000	2.68752089e-002	
6.42307602e+000	2.68536712e-002	
6.42901781e+000	2.68314109e-002	
6.43495960e+000	2.68085374e-002	
6.44090139e+000	2.67856639e-002	
6.44684318e+000	2.67627905e-002	
6.45278497e+000	2.67399170e-002	
6.45872676e+000	2.67170435e-002	
6.46466855e+000	2.66941701e-002	
6.47061035e+000	2.66712966e-002	
6.47655214e+000	2.66502750e-002	
6.48249393e+000	2.66297528e-002	
6.48843572e+000	2.66092307e-002	
6.49437751e+000	2.65887085e-002	
6.50031930e+000	2.65681864e-002	
6.50626109e+000	2.65476642e-002	
6.51220288e+000	2.65271421e-002	
6.51814467e+000	2.65066200e-002	
6.52408646e+000	2.64860978e-002	
6.53002826e+000	2.64655757e-002	
6.53597005e+000	2.64452577e-002	
6.54191184e+000	2.64250833e-002	
6.54785363e+000	2.64049089e-002	
6.55379542e+000	2.63847346e-002	
6.55973721e+000	2.63645603e-002	
6.56567900e+000	2.63443862e-002	
6.57162079e+000	2.63242120e-002	
6.57756258e+000	2.63040380e-002	
6.58350437e+000	2.62838640e-002	
6.58944616e+000	2.62636901e-002	
6.59538796e+000	2.62435162e-002	
6.60132975e+000	2.62233424e-002	
6.60727154e+000	2.62031687e-002	
6.61321333e+000	2.61829951e-002	
6.61915512e+000	2.61628215e-002	
6.62509691e+000	2.61426480e-002	
6.63103870e+000	2.61217856e-002	
6.63698049e+000	2.61003977e-002	
6.64292228e+000	2.60790098e-002	
6.64886407e+000	2.60576221e-002	
6.65480586e+000	2.60362344e-002	
6.66074766e+000	2.60145981e-002	
6.66668945e+000	2.59927268e-002	
6.67263124e+000	2.59708555e-002	
6.67857303e+000	2.59489842e-002	
6.68451482e+000	2.59271130e-002	
6.69045661e+000	2.59052418e-002	
6.69639840e+000	2.58833706e-002	
6.70234019e+000	2.58614995e-002	
6.70828198e+000	2.58396284e-002	
6.71422377e+000	2.58184675e-002	
6.72016557e+000	2.57977291e-002	
6.72610736e+000	2.57769906e-002	
6.73204915e+000	2.57562521e-002	
6.73799094e+000	2.57355136e-002	
6.74393273e+000	2.57147752e-002	
6.74987452e+000	2.56940367e-002	
6.75581631e+000	2.56732982e-002	
6.76175810e+000	2.56525597e-002	
6.76769989e+000	2.56318213e-002	
6.77364168e+000	2.56110828e-002	
6.77958347e+000	2.55903443e-002	
6.78552527e+000	2.55696059e-002	
6.79146706e+000	2.55488674e-002	
6.79740885e+000	2.55281289e-002	
6.80335064e+000	2.55089627e-002	
6.80929243e+000	2.54902560e-002	
6.81523422e+000	2.54715492e-002	
6.82117601e+000	2.54528425e-002	
6.82711780e+000	2.54341357e-002	
6.83305959e+000	2.54154290e-002	
6.83900138e+000	2.53967223e-002	
6.84494318e+000	2.53780155e-002	
6.85088497e+000	2.53593088e-002	
6.85682676e+000	2.53406020e-002	
6.86276855e+000	2.53218953e-002	
6.86871034e+000	2.53031886e-002	
6.87465213e+000	2.52844818e-002	
6.88059392e+000	2.52657751e-002	
6.88653571e+000	2.52470684e-002	
6.89247750e+000	2.52283616e-002	
6.89841929e+000	2.52096549e-002	
6.90436108e+000	2.51909482e-002	
6.91030288e+000	2.51722414e-002	
6.91624467e+000	2.51535347e-002	
6.92218646e+000	2.51348280e-002	
6.92812825e+000	2.51163444e-002	
6.93407004e+000	2.50995276e-002	
6.94001183e+000	2.50827108e-002	
6.94595362e+000	2.50658941e-002	
6.95189541e+000	2.50490774e-002	
6.95783720e+000	2.50322607e-002	
6.96377899e+000	2.50154440e-002	
6.96972079e+000	2.49986274e-002	
6.97566258e+000	2.49818109e-002	
6.98160437e+000	2.49649943e-002	
6.98754616e+000	2.49481778e-002	
6.99348795e+000	2.49313614e-002	
6.99942974e+000	2.49145449e-002	
7.00537153e+000	2.48977286e-002	
7.01131332e+000	2.48809122e-002	
7.01725511e+000	2.48640959e-002	
7.02319690e+000	2.48472796e-002	
7.02913869e+000	2.48304634e-002	
7.03508049e+000	2.48136471e-002	
7.04102228e+000	2.47961924e-002	
7.04696407e+000	2.47763705e-002	
7.05290586e+000	2.47565486e-002	
7.05884765e+000	2.47367268e-002	
7.06478944e+000	2.47169050e-002	
7.07073123e+000	2.46970831e-002	
7.07667302e+000	2.46773834e-002	
7.08261481e+000	2.46597451e-002	
7.08855660e+000	2.46421068e-002	
7.09449840e+000	2.46244686e-002	
7.10044019e+000	2.46068304e-002	
7.10638198e+000	2.45891921e-002	
7.11232377e+000	2.45715539e-002	
7.11826556e+000	2.45539157e-002	
7.12420735e+000	2.45362776e-002	
7.13014914e+000	2.45186394e-002	
7.13609093e+000	2.45010013e-002	
7.14203272e+000	2.44833631e-002	
7.14797451e+000	2.44657250e-002	
7.15391630e+000	2.44480869e-002	
7.15985810e+000	2.44304488e-002	
7.16579989e+000	2.44128108e-002	
7.17174168e+000	2.43951727e-002	
7.17768347e+000	2.43775347e-002	
7.18362526e+000	2.43598967e-002	
7.18956705e+000	2.43422587e-002	
7.19550884e+000	2.43246207e-002	
7.20145063e+000	2.43069827e-002	
7.20739242e+000	2.42893447e-002	
7.21333421e+000	2.42717068e-002	
7.21927601e+000	2.42540689e-002	
7.22521780e+000	2.42364309e-002	
7.23115959e+000	2.42187931e-002	
7.23710138e+000	2.42011552e-002	
7.24304317e+000	2.41835173e-002	
7.24898496e+000	2.41658795e-002	
7.25492675e+000	2.41480735e-002	
7.26086854e+000	2.41302562e-002	
7.26681033e+000	2.41124389e-002	
7.27275212e+000	2.40946216e-002	
7.27869391e+000	2.40768043e-002	
7.28463571e+000	2.40589314e-002	
7.29057750e+000	2.40409324e-002	
7.29651929e+000	2.40219277e-002	
7.30246108e+000	2.40024342e-002	
7.30840287e+000	2.39829408e-002	
7.31434466e+000	2.39634474e-002	
7.32028645e+000	2.39439540e-002	
7.32622824e+000	2.39244606e-002	
7.33217003e+000	2.39049672e-002	
7.33811182e+000	2.38854738e-002	
7.34405362e+000	2.38659804e-002	
7.34999541e+000	2.38464871e-002	
7.35593720e+000	2.38269937e-002	
7.36187899e+000	2.38075003e-002	
7.36782078e+000	2.37880069e-002	
7.37376257e+000	2.37685135e-002	
7.37970436e+000	2.37490202e-002	
7.38564615e+000	2.37295268e-002	
7.39158794e+000	2.37100334e-002	
7.39752973e+000	2.36905401e-002	
7.40347152e+000	2.36710467e-002	
7.40941332e+000	2.36515533e-002	
7.41535511e+000	2.36320600e-002	
7.42129690e+000	2.36125666e-002	
7.42723869e+000	2.35930733e-002	
7.43318048e+000	2.35785358e-002	
7.43912227e+000	2.35641661e-002	
7.44506406e+000	2.35497965e-002	
7.45100585e+000	2.35354271e-002	
7.45694764e+000	2.35210577e-002	
7.46288943e+000	2.35066885e-002	
7.46883123e+000	2.34924022e-002	
7.47477302e+000	2.34793930e-002	
7.48071481e+000	2.34663839e-002	
7.48665660e+000	2.34533747e-002	
7.49259839e+000	2.34403656e-002	
7.49854018e+000	2.34273564e-002	
7.50448197e+000	2.34143473e-002	
7.51042376e+000	2.34013382e-002	
7.51636555e+000	2.33883291e-002	
7.52230734e+000	2.33753200e-002	
7.52824913e+000	2.33623109e-002	
7.53419093e+000	2.33493018e-002	
7.54013272e+000	2.33362927e-002	
7.54607451e+000	2.33232836e-002	
7.55201630e+000	2.33102746e-002	
7.55795809e+000	2.32972655e-002	
7.56389988e+000	2.32842565e-002	
7.56984167e+000	2.32712474e-002	
7.57578346e+000	2.32582384e-002	
7.58172525e+000	2.32452294e-002	
7.58766704e+000	2.32322204e-002	
7.59360884e+000	2.32192114e-002	
7.59955063e+000	2.32062024e-002	
7.60549242e+000	2.31931934e-002	
7.61143421e+000	2.31801845e-002	
7.61737600e+000	2.31671755e-002	
7.62331779e+000	2.31534880e-002	
7.62925958e+000	2.31375452e-002	
7.63520137e+000	2.31216027e-002	
7.64114316e+000	2.31056603e-002	
7.64708495e+000	2.30897182e-002	
7.65302674e+000	2.30737763e-002	
7.65896854e+000	2.30578346e-002	
7.66491033e+000	2.30418931e-002	
7.67085212e+000	2.30259518e-002	
7.67679391e+000	2.30100108e-002	
7.68273570e+000	2.29940700e-002	
7.68867749e+000	2.29781293e-002	
7.69461928e+000	2.29621889e-002	
7.70056107e+000	2.29462488e-002	
7.70650286e+000	2.29303088e-002	
7.71244465e+000	2.29143690e-002	
7.71838645e+000	2.28984295e-002	
7.72432824e+000	2.28811820e-002	
7.73027003e+000	2.28620599e-002	
7.73621182e+000	2.28429380e-002	
7.74215361e+000	2.28238164e-002	
7.74809540e+000	2.28046951e-002	
7.75403719e+000	2.27855740e-002	
7.75997898e+000	2.27664531e-002	
7.76592077e+000	2.27473325e-002	
7.77186256e+000	2.27293131e-002	
7.77780435e+000	2.27124556e-002	
7.78374615e+000	2.26955983e-002	
7.78968794e+000	2.26787411e-002	
7.79562973e+000	2.26618842e-002	
7.80157152e+000	2.26450274e-002	
7.80751331e+000	2.26281709e-002	
7.81345510e+000	2.26113145e-002	
7.81939689e+000	2.25958579e-002	
7.82533868e+000	2.25809948e-002	
7.83128047e+000	2.25661318e-002	
7.83722226e+000	2.25512688e-002	
7.84316406e+000	2.25364058e-002	
7.84910585e+000	2.25215428e-002	
7.85504764e+000	2.25066798e-002	
7.86098943e+000	2.24918168e-002	
7.86693122e+000	2.24769538e-002	
7.87287301e+000	2.24620907e-002	
7.87881480e+000	2.24472277e-002	
7.88475659e+000	2.24323647e-002	
7.89069838e+000	2.24175017e-002	
7.89664017e+000	2.24026387e-002	
7.90258196e+000	2.23877757e-002	
7.90852376e+000	2.23729127e-002	
7.91446555e+000	2.23580496e-002	
7.92040734e+000	2.23431866e-002	
7.92634913e+000	2.23289552e-002	
7.93229092e+000	2.23150553e-002	
7.93823271e+000	2.23011555e-002	
7.94417450e+000	2.22872556e-002	
7.95011629e+000	2.22733557e-002	
7.95605808e+000	2.22594558e-002	
7.96199987e+000	2.22455560e-002	
7.96794167e+000	2.22316561e-002	
7.97388346e+000	2.22177562e-002	
7.97982525e+000	2.22038564e-002	
7.98576704e+000	2.21899565e-002	
7.99170883e+000	2.21760566e-002	
7.99765062e+000	2.21621568e-002	
8.00359241e+000	2.21509998e-002	
8.00953420e+000	2.21401368e-002	
8.01547599e+000	2.21292739e-002	
8.02141778e+000	2.21184113e-002	
8.02735957e+000	2.21075488e-002	
8.03330137e+000	2.20966866e-002	
8.03924316e+000	2.20858245e-002	
8.04518495e+000	2.20749627e-002	
8.05112674e+000	2.20641010e-002	
8.05706853e+000	2.20532396e-002	
8.06301032e+000	2.20423784e-002	
8.06895211e+000	2.20315173e-002	
8.07489390e+000	2.20206565e-002	
8.08083569e+000	2.20097959e-002	
8.08677748e+000	2.19989355e-002	
8.09271928e+000	2.19854354e-002	
8.09866107e+000	2.19712042e-002	
8.10460286e+000	2.19569729e-002	
8.11054465e+000	2.19427418e-002	
8.11648644e+000	2.19285106e-002	
8.12242823e+000	2.19142795e-002	
8.12837002e+000	2.19000485e-002	
8.13431181e+000	2.18858175e-002	
8.14025360e+000	2.18715865e-002	
8.14619539e+000	2.18573556e-002	
8.15213718e+000	2.18431473e-002	
8.15807898e+000	2.18290266e-002	
8.16402077e+000	2.18149058e-002	
8.16996256e+000	2.18007852e-002	
8.17590435e+000	2.17866646e-002	
8.18184614e+000	2.17725442e-002	
8.18778793e+000	2.17584238e-002	
8.19372972e+000	2.17443035e-002	
8.19967151e+000	2.17301832e-002	
8.20561330e+000	2.17160631e-002	
8.21155509e+000	2.17019430e-002	
8.21749689e+000	2.16878231e-002	
8.22343868e+000	2.16737032e-002	
8.22938047e+000	2.16583244e-002	
8.23532226e+000	2.16408814e-002	
8.24126405e+000	2.16234386e-002	
8.24720584e+000	2.16059961e-002	
8.25314763e+000	2.15885538e-002	
8.25908942e+000	2.15711118e-002	
8.26503121e+000	2.15536701e-002	
8.27097300e+000	2.15362286e-002	
8.27691479e+000	2.15222642e-002	
8.28285659e+000	2.15084623e-002	
8.28879838e+000	2.14946605e-002	
8.29474017e+000	2.14808587e-002	
8.30068196e+000	2.14670569e-002	
8.30662375e+000	2.14532551e-002	
8.31256554e+000	2.14394533e-002	
8.31850733e+000	2.14256515e-002	
8.32444912e+000	2.14118498e-002	
8.33039091e+000	2.13980480e-002	
8.33633270e+000	2.13842462e-002	
8.34227450e+000	2.13704445e-002	
8.34821629e+000	2.13566427e-002	
8.35415808e+000	2.13428410e-002	
8.36009987e+000	2.13290393e-002	
8.36604166e+000	2.13152375e-002	
8.37198345e+000	2.13010428e-002	
8.37792524e+000	2.12863996e-002	
8.38386703e+000	2.12717565e-002	
8.38980882e+000	2.12571133e-002	
8.39575061e+000	2.12424701e-002	
8.40169240e+000	2.12278270e-002	
8.40763420e+000	2.12131839e-002	
8.41357599e+000	2.12005156e-002	
8.41951778e+000	2.11881534e-002	
8.42545957e+000	2.11757913e-002	
8.43140136e+000	2.11634292e-002	
8.43734315e+000	2.11510672e-002	
8.44328494e+000	2.11381555e-002	
8.44922673e+000	2.11245037e-002	
8.45516852e+000	2.11108519e-002	
8.46111031e+000	2.10972002e-002	
8.46705211e+000	2.10835484e-002	
8.47299390e+000	2.10698966e-002	
8.47893569e+000	2.10562449e-002	
8.48487748e+000	2.10425931e-002	
8.49081927e+000	2.10289414e-002	
8.49676106e+000	2.10152896e-002	
8.50270285e+000	2.10016378e-002	
8.50864464e+000	2.09879861e-002	
8.51458643e+000	2.09743343e-002	
8.52052822e+000	2.09606826e-002	
8.52647001e+000	2.09470308e-002	
8.53241181e+000	2.09333790e-002	
8.53835360e+000	2.09197273e-002	
8.54429539e+000	2.09060755e-002	
8.55023718e+000	2.08924237e-002	
8.55617897e+000	2.08788969e-002	
8.56212076e+000	2.08655017e-002	
8.56806255e+000	2.08521066e-002	
8.57400434e+000	2.08387116e-002	
8.57994613e+000	2.08253165e-002	
8.58588792e+000	2.08119215e-002	
8.59182971e+000	2.07985266e-002	
8.59777151e+000	2.07851316e-002	
8.60371330e+000	2.07717367e-002	
8.60965509e+000	2.07583419e-002	
8.61559688e+000	2.07449471e-002	
8.62153867e+000	2.07315523e-002	
8.62748046e+000	2.07181576e-002	
8.63342225e+000	2.07042828e-002	
8.63936404e+000	2.06900067e-002	
8.64530583e+000	2.06757305e-002	
8.65124762e+000	2.06614544e-002	
8.65718942e+000	2.06471782e-002	
8.66313121e+000	2.06329021e-002	
8.66907300e+000	2.06186260e-002	
8.67501479e+000	2.06043498e-002	
8.68095658e+000	2.05900737e-002	
8.68689837e+000	2.05757976e-002	
8.69284016e+000	2.05624997e-002	
8.69878195e+000	2.05495411e-002	
8.70472374e+000	2.05365825e-002	
8.71066553e+000	2.05236240e-002	
8.71660732e+000	2.05106655e-002	
8.72254912e+000	2.04977071e-002	
8.72849091e+000	2.04847488e-002	
8.73443270e+000	2.04717904e-002	
8.74037449e+000	2.04588322e-002	
8.74631628e+000	2.04458739e-002	
8.75225807e+000	2.04330480e-002	
8.75819986e+000	2.04204005e-002	
8.76414165e+000	2.04077531e-002	
8.77008344e+000	2.03951057e-002	
8.77602523e+000	2.03824583e-002	
8.78196703e+000	2.03698110e-002	
8.78790882e+000	2.03571637e-002	
8.79385061e+000	2.03445164e-002	
8.79979240e+000	2.03318691e-002	
8.80573419e+000	2.03192219e-002	
8.81167598e+000	2.03065747e-002	
8.81761777e+000	2.02939275e-002	
8.82355956e+000	2.02812804e-002	
8.82950135e+000	2.02723055e-002	
8.83544314e+000	2.02677470e-002	
8.84138493e+000	2.02631884e-002	
8.84732673e+000	2.02586299e-002	
8.85326852e+000	2.02540713e-002	
8.85921031e+000	2.02495128e-002	
8.86515210e+000	2.02449542e-002	
8.87109389e+000	2.02403957e-002	
8.87703568e+000	2.02358371e-002	
8.88297747e+000	2.02312786e-002	
8.88891926e+000	2.02267200e-002	
8.89486105e+000	2.02221615e-002	
8.90080284e+000	2.02176030e-002	
8.90674464e+000	2.02130444e-002	
