% Column 0: Length, mm
% Column 1: Potential, Volts
0.00000000e+000	1.00000000e+002	
2.66844563e-003	9.99199467e+001	
5.33689126e-003	9.98398933e+001	
8.00533689e-003	9.97598399e+001	
1.06737825e-002	9.96797866e+001	
1.33422282e-002	9.95997332e+001	
1.60106738e-002	9.95196799e+001	
1.86791194e-002	9.94396265e+001	
2.13475650e-002	9.93595732e+001	
2.40160107e-002	9.92795198e+001	
2.66844563e-002	9.91994664e+001	
2.93529019e-002	9.91194131e+001	
3.20213476e-002	9.90393597e+001	
3.46897932e-002	9.89593064e+001	
3.73582388e-002	9.88792530e+001	
4.00266845e-002	9.87991997e+001	
4.26951301e-002	9.87191463e+001	
4.53635757e-002	9.86390930e+001	
4.80320213e-002	9.85590396e+001	
5.07004670e-002	9.84789862e+001	
5.33689126e-002	9.83989329e+001	
5.60373582e-002	9.83188795e+001	
5.87058039e-002	9.82388262e+001	
6.13742495e-002	9.81587728e+001	
6.40426951e-002	9.80787195e+001	
6.67111408e-002	9.79986661e+001	
6.93795864e-002	9.79186127e+001	
7.20480320e-002	9.78385594e+001	
7.47164777e-002	9.77585060e+001	
7.73849233e-002	9.76784527e+001	
8.00533689e-002	9.75983993e+001	
8.27218145e-002	9.75183460e+001	
8.53902602e-002	9.74382926e+001	
8.80587058e-002	9.73582393e+001	
9.07271514e-002	9.72781859e+001	
9.33955971e-002	9.71981325e+001	
9.60640427e-002	9.71180792e+001	
9.87324883e-002	9.70380258e+001	
1.01400934e-001	9.69579724e+001	
1.04069380e-001	9.68779190e+001	
1.06737825e-001	9.67978657e+001	
1.09406271e-001	9.67178123e+001	
1.12074716e-001	9.66377589e+001	
1.14743162e-001	9.65577055e+001	
1.17411608e-001	9.64776522e+001	
1.20080053e-001	9.63975988e+001	
1.22748499e-001	9.63175454e+001	
1.25416945e-001	9.62374920e+001	
1.28085390e-001	9.61574387e+001	
1.30753836e-001	9.60773853e+001	
1.33422282e-001	9.59973319e+001	
1.36090727e-001	9.59172785e+001	
1.38759173e-001	9.58372252e+001	
1.41427618e-001	9.57571718e+001	
1.44096064e-001	9.56771184e+001	
1.46764510e-001	9.55970650e+001	
1.49432955e-001	9.55170117e+001	
1.52101401e-001	9.54369583e+001	
1.54769847e-001	9.53569049e+001	
1.57438292e-001	9.52768515e+001	
1.60106738e-001	9.51967982e+001	
1.62775183e-001	9.51167448e+001	
1.65443629e-001	9.50366914e+001	
1.68112075e-001	9.49566380e+001	
1.70780520e-001	9.48765847e+001	
1.73448966e-001	9.47965313e+001	
1.76117412e-001	9.47164779e+001	
1.78785857e-001	9.46364245e+001	
1.81454303e-001	9.45563711e+001	
1.84122748e-001	9.44763178e+001	
1.86791194e-001	9.43962644e+001	
1.89459640e-001	9.43162110e+001	
1.92128085e-001	9.42361576e+001	
1.94796531e-001	9.41561043e+001	
1.97464977e-001	9.40760509e+001	
2.00133422e-001	9.39959975e+001	
2.02801868e-001	9.39159441e+001	
2.05470314e-001	9.38358908e+001	
2.08138759e-001	9.37558374e+001	
2.10807205e-001	9.36757840e+001	
2.13475650e-001	9.35957306e+001	
2.16144096e-001	9.35156772e+001	
2.18812542e-001	9.34356239e+001	
2.21480987e-001	9.33555705e+001	
2.24149433e-001	9.32755171e+001	
2.26817879e-001	9.31954637e+001	
2.29486324e-001	9.31154104e+001	
2.32154770e-001	9.30353570e+001	
2.34823215e-001	9.29553036e+001	
2.37491661e-001	9.28752502e+001	
2.40160107e-001	9.27951969e+001	
2.42828552e-001	9.27151435e+001	
2.45496998e-001	9.26350901e+001	
2.48165444e-001	9.25550368e+001	
2.50833889e-001	9.24749834e+001	
2.53502335e-001	9.23949300e+001	
2.56170781e-001	9.23148767e+001	
2.58839226e-001	9.22348233e+001	
2.61507672e-001	9.21547699e+001	
2.64176117e-001	9.20747166e+001	
2.66844563e-001	9.19946632e+001	
2.69513009e-001	9.19146098e+001	
2.72181454e-001	9.18345564e+001	
2.74849900e-001	9.17545031e+001	
2.77518346e-001	9.16744497e+001	
2.80186791e-001	9.15943963e+001	
2.82855237e-001	9.15143430e+001	
2.85523682e-001	9.14342896e+001	
2.88192128e-001	9.13542362e+001	
2.90860574e-001	9.12741829e+001	
2.93529019e-001	9.11941295e+001	
2.96197465e-001	9.11140761e+001	
2.98865911e-001	9.10340228e+001	
3.01534356e-001	9.09539694e+001	
3.04202802e-001	9.08739160e+001	
3.06871247e-001	9.07938627e+001	
3.09539693e-001	9.07138093e+001	
3.12208139e-001	9.06337559e+001	
3.14876584e-001	9.05537025e+001	
3.17545030e-001	9.04736492e+001	
3.20213476e-001	9.03935958e+001	
3.22881921e-001	9.03135424e+001	
3.25550367e-001	9.02334891e+001	
3.28218813e-001	9.01534357e+001	
3.30887258e-001	9.00733823e+001	
3.33555704e-001	8.99933290e+001	
3.36224149e-001	8.99132756e+001	
3.38892595e-001	8.98332222e+001	
3.41561041e-001	8.97531689e+001	
3.44229486e-001	8.96731155e+001	
3.46897932e-001	8.95930621e+001	
3.49566378e-001	8.95130088e+001	
3.52234823e-001	8.94329554e+001	
3.54903269e-001	8.93529020e+001	
3.57571714e-001	8.92728487e+001	
3.60240160e-001	8.91927953e+001	
3.62908606e-001	8.91127419e+001	
3.65577051e-001	8.90326885e+001	
3.68245497e-001	8.89526352e+001	
3.70913943e-001	8.88725818e+001	
3.73582388e-001	8.87925284e+001	
3.76250834e-001	8.87124751e+001	
3.78919280e-001	8.86324217e+001	
3.81587725e-001	8.85523683e+001	
3.84256171e-001	8.84723150e+001	
3.86924616e-001	8.83922616e+001	
3.89593062e-001	8.83122082e+001	
3.92261508e-001	8.82321549e+001	
3.94929953e-001	8.81521015e+001	
3.97598399e-001	8.80720481e+001	
4.00266845e-001	8.79919948e+001	
4.02935290e-001	8.79119414e+001	
4.05603736e-001	8.78318880e+001	
4.08272181e-001	8.77518346e+001	
4.10940627e-001	8.76717813e+001	
4.13609073e-001	8.75917279e+001	
4.16277518e-001	8.75116745e+001	
4.18945964e-001	8.74316212e+001	
4.21614410e-001	8.73515678e+001	
4.24282855e-001	8.72715144e+001	
4.26951301e-001	8.71914611e+001	
4.29619746e-001	8.71114077e+001	
4.32288192e-001	8.70313543e+001	
4.34956638e-001	8.69513009e+001	
4.37625083e-001	8.68712476e+001	
4.40293529e-001	8.67911942e+001	
4.42961975e-001	8.67111408e+001	
4.45630420e-001	8.66310875e+001	
4.48298866e-001	8.65510341e+001	
4.50967312e-001	8.64709807e+001	
4.53635757e-001	8.63909273e+001	
4.56304203e-001	8.63108740e+001	
4.58972648e-001	8.62308206e+001	
4.61641094e-001	8.61507672e+001	
4.64309540e-001	8.60707139e+001	
4.66977985e-001	8.59906605e+001	
4.69646431e-001	8.59106071e+001	
4.72314877e-001	8.58305538e+001	
4.74983322e-001	8.57505004e+001	
4.77651768e-001	8.56704470e+001	
4.80320213e-001	8.55903936e+001	
4.82988659e-001	8.55103403e+001	
4.85657105e-001	8.54302869e+001	
4.88325550e-001	8.53502335e+001	
4.90993996e-001	8.52701802e+001	
4.93662442e-001	8.51901268e+001	
4.96330887e-001	8.51100734e+001	
4.98999333e-001	8.50300201e+001	
5.01667779e-001	8.49499667e+001	
5.04336224e-001	8.48699133e+001	
5.07004670e-001	8.47898599e+001	
5.09673115e-001	8.47098066e+001	
5.12341561e-001	8.46297532e+001	
5.15010007e-001	8.45496998e+001	
5.17678452e-001	8.44696464e+001	
5.20346898e-001	8.43895931e+001	
5.23015344e-001	8.43095397e+001	
5.25683789e-001	8.42294863e+001	
5.28352235e-001	8.41494330e+001	
5.31020680e-001	8.40693796e+001	
5.33689126e-001	8.39893262e+001	
5.36357572e-001	8.39092728e+001	
5.39026017e-001	8.38292195e+001	
5.41694463e-001	8.37491661e+001	
5.44362909e-001	8.36691127e+001	
5.47031354e-001	8.35890594e+001	
5.49699800e-001	8.35090060e+001	
5.52368245e-001	8.34289526e+001	
5.55036691e-001	8.33488992e+001	
5.57705137e-001	8.32688459e+001	
5.60373582e-001	8.31887925e+001	
5.63042028e-001	8.31087391e+001	
5.65710474e-001	8.30286857e+001	
5.68378919e-001	8.29486324e+001	
5.71047365e-001	8.28685790e+001	
5.73715811e-001	8.27885256e+001	
5.76384256e-001	8.27084723e+001	
5.79052702e-001	8.26284189e+001	
5.81721147e-001	8.25483655e+001	
5.84389593e-001	8.24683121e+001	
5.87058039e-001	8.23882588e+001	
5.89726484e-001	8.23082054e+001	
5.92394930e-001	8.22281520e+001	
5.95063376e-001	8.21480987e+001	
5.97731821e-001	8.20680453e+001	
6.00400267e-001	8.19879919e+001	
6.03068712e-001	8.19079385e+001	
6.05737158e-001	8.18278852e+001	
6.08405604e-001	8.17478318e+001	
6.11074049e-001	8.16677784e+001	
6.13742495e-001	8.15877250e+001	
6.16410941e-001	8.15076717e+001	
6.19079386e-001	8.14276183e+001	
6.21747832e-001	8.13475649e+001	
6.24416278e-001	8.12675116e+001	
6.27084723e-001	8.11874582e+001	
6.29753169e-001	8.11074048e+001	
6.32421614e-001	8.10273514e+001	
6.35090060e-001	8.09472981e+001	
6.37758506e-001	8.08672447e+001	
6.40426951e-001	8.07871913e+001	
6.43095397e-001	8.07071380e+001	
6.45763843e-001	8.06270846e+001	
6.48432288e-001	8.05470312e+001	
6.51100734e-001	8.04669778e+001	
6.53769179e-001	8.03869245e+001	
6.56437625e-001	8.03068711e+001	
6.59106071e-001	8.02268177e+001	
6.61774516e-001	8.01467644e+001	
6.64442962e-001	8.00667110e+001	
6.67111408e-001	7.99866576e+001	
6.69779853e-001	7.99066042e+001	
6.72448299e-001	7.98265509e+001	
6.75116744e-001	7.97464975e+001	
6.77785190e-001	7.96664441e+001	
6.80453636e-001	7.95863907e+001	
6.83122081e-001	7.95063374e+001	
6.85790527e-001	7.94262840e+001	
6.88458973e-001	7.93462306e+001	
6.91127418e-001	7.92661773e+001	
6.93795864e-001	7.91861239e+001	
6.96464310e-001	7.91060705e+001	
6.99132755e-001	7.90260171e+001	
7.01801201e-001	7.89459638e+001	
7.04469646e-001	7.88659104e+001	
7.07138092e-001	7.87858570e+001	
7.09806538e-001	7.87058036e+001	
7.12474983e-001	7.86257503e+001	
7.15143429e-001	7.85456969e+001	
7.17811875e-001	7.84656435e+001	
7.20480320e-001	7.83855901e+001	
7.23148766e-001	7.83055368e+001	
7.25817211e-001	7.82254834e+001	
7.28485657e-001	7.81454300e+001	
7.31154103e-001	7.80653767e+001	
7.33822548e-001	7.79853233e+001	
7.36490994e-001	7.79052699e+001	
7.39159440e-001	7.78252165e+001	
7.41827885e-001	7.77451632e+001	
7.44496331e-001	7.76651098e+001	
7.47164777e-001	7.75850564e+001	
7.49833222e-001	7.75050030e+001	
7.52501668e-001	7.74249497e+001	
7.55170113e-001	7.73448963e+001	
7.57838559e-001	7.72648429e+001	
7.60507005e-001	7.71847895e+001	
7.63175450e-001	7.71047362e+001	
7.65843896e-001	7.70246828e+001	
7.68512342e-001	7.69446294e+001	
7.71180787e-001	7.68645760e+001	
7.73849233e-001	7.67845227e+001	
7.76517678e-001	7.67044693e+001	
7.79186124e-001	7.66244159e+001	
7.81854570e-001	7.65443625e+001	
7.84523015e-001	7.64643092e+001	
7.87191461e-001	7.63842558e+001	
7.89859907e-001	7.63042024e+001	
7.92528352e-001	7.62241490e+001	
7.95196798e-001	7.61440957e+001	
7.97865243e-001	7.60640423e+001	
8.00533689e-001	7.59839889e+001	
8.03202135e-001	7.59039355e+001	
8.05870580e-001	7.58238822e+001	
8.08539026e-001	7.57438288e+001	
8.11207472e-001	7.56637754e+001	
8.13875917e-001	7.55837221e+001	
8.16544363e-001	7.55036687e+001	
8.19212809e-001	7.54236153e+001	
8.21881254e-001	7.53435619e+001	
8.24549700e-001	7.52635086e+001	
8.27218145e-001	7.51834552e+001	
8.29886591e-001	7.51034018e+001	
8.32555037e-001	7.50233484e+001	
8.35223482e-001	7.49432951e+001	
8.37891928e-001	7.48632417e+001	
8.40560374e-001	7.47831883e+001	
8.43228819e-001	7.47031349e+001	
8.45897265e-001	7.46230816e+001	
8.48565710e-001	7.45430282e+001	
8.51234156e-001	7.44629748e+001	
8.53902602e-001	7.43829214e+001	
8.56571047e-001	7.43028681e+001	
8.59239493e-001	7.42228147e+001	
8.61907939e-001	7.41427613e+001	
8.64576384e-001	7.40627079e+001	
8.67244830e-001	7.39826546e+001	
8.69913276e-001	7.39026012e+001	
8.72581721e-001	7.38225478e+001	
8.75250167e-001	7.37424944e+001	
8.77918612e-001	7.36624411e+001	
8.80587058e-001	7.35823877e+001	
8.83255504e-001	7.35023343e+001	
8.85923949e-001	7.34222809e+001	
8.88592395e-001	7.33422276e+001	
8.91260841e-001	7.32621742e+001	
8.93929286e-001	7.31821208e+001	
8.96597732e-001	7.31020675e+001	
8.99266177e-001	7.30220141e+001	
9.01934623e-001	7.29419607e+001	
9.04603069e-001	7.28619073e+001	
9.07271514e-001	7.27818540e+001	
9.09939960e-001	7.27018006e+001	
9.12608406e-001	7.26217472e+001	
9.15276851e-001	7.25416938e+001	
9.17945297e-001	7.24616405e+001	
9.20613742e-001	7.23815871e+001	
9.23282188e-001	7.23015337e+001	
9.25950634e-001	7.22214803e+001	
9.28619079e-001	7.21414270e+001	
9.31287525e-001	7.20613736e+001	
9.33955971e-001	7.19813202e+001	
9.36624416e-001	7.19012668e+001	
9.39292862e-001	7.18212135e+001	
9.41961308e-001	7.17411601e+001	
9.44629753e-001	7.16611067e+001	
9.47298199e-001	7.15810534e+001	
9.49966644e-001	7.15010000e+001	
9.52635090e-001	7.14209466e+001	
9.55303536e-001	7.13408932e+001	
9.57971981e-001	7.12608399e+001	
9.60640427e-001	7.11807865e+001	
9.63308873e-001	7.11007331e+001	
9.65977318e-001	7.10206798e+001	
9.68645764e-001	7.09406264e+001	
9.71314209e-001	7.08605730e+001	
9.73982655e-001	7.07805197e+001	
9.76651101e-001	7.07004663e+001	
9.79319546e-001	7.06204129e+001	
9.81987992e-001	7.05403596e+001	
9.84656438e-001	7.04603062e+001	
9.87324883e-001	7.03802528e+001	
9.89993329e-001	7.03001994e+001	
9.92661775e-001	7.02201461e+001	
9.95330220e-001	7.01400927e+001	
9.97998666e-001	7.00600393e+001	
1.00066711e+000	6.99799860e+001	
1.00333556e+000	6.98999326e+001	
1.00600400e+000	6.98198792e+001	
1.00867245e+000	6.97398259e+001	
1.01134089e+000	6.96597725e+001	
1.01400934e+000	6.95797191e+001	
1.01667779e+000	6.94996657e+001	
1.01934623e+000	6.94196124e+001	
1.02201468e+000	6.93395590e+001	
1.02468312e+000	6.92595056e+001	
1.02735157e+000	6.91794523e+001	
1.03002001e+000	6.90993989e+001	
1.03268846e+000	6.90193455e+001	
1.03535690e+000	6.89392922e+001	
1.03802535e+000	6.88592388e+001	
1.04069380e+000	6.87791854e+001	
1.04336224e+000	6.86991320e+001	
1.04603069e+000	6.86190787e+001	
1.04869913e+000	6.85390253e+001	
1.05136758e+000	6.84589719e+001	
1.05403602e+000	6.83789186e+001	
1.05670447e+000	6.82988652e+001	
1.05937292e+000	6.82188118e+001	
1.06204136e+000	6.81387585e+001	
1.06470981e+000	6.80587051e+001	
1.06737825e+000	6.79786517e+001	
1.07004670e+000	6.78985984e+001	
1.07271514e+000	6.78185450e+001	
1.07538359e+000	6.77384916e+001	
1.07805203e+000	6.76584382e+001	
1.08072048e+000	6.75783849e+001	
1.08338893e+000	6.74983315e+001	
1.08605737e+000	6.74182781e+001	
1.08872582e+000	6.73382248e+001	
1.09139426e+000	6.72581714e+001	
1.09406271e+000	6.71781180e+001	
1.09673115e+000	6.70980647e+001	
1.09939960e+000	6.70180113e+001	
1.10206805e+000	6.69379579e+001	
1.10473649e+000	6.68579045e+001	
1.10740494e+000	6.67778512e+001	
1.11007338e+000	6.66977978e+001	
1.11274183e+000	6.66177444e+001	
1.11541027e+000	6.65376911e+001	
1.11807872e+000	6.64576377e+001	
1.12074716e+000	6.63775843e+001	
1.12341561e+000	6.62975310e+001	
1.12608406e+000	6.62174776e+001	
1.12875250e+000	6.61374242e+001	
1.13142095e+000	6.60573708e+001	
1.13408939e+000	6.59773175e+001	
1.13675784e+000	6.58972641e+001	
1.13942628e+000	6.58172107e+001	
1.14209473e+000	6.57371574e+001	
1.14476318e+000	6.56571040e+001	
1.14743162e+000	6.55770506e+001	
1.15010007e+000	6.54969973e+001	
1.15276851e+000	6.54169439e+001	
1.15543696e+000	6.53368905e+001	
1.15810540e+000	6.52568372e+001	
1.16077385e+000	6.51767838e+001	
1.16344229e+000	6.50967304e+001	
1.16611074e+000	6.50166770e+001	
1.16877919e+000	6.49366237e+001	
1.17144763e+000	6.48565703e+001	
1.17411608e+000	6.47765169e+001	
1.17678452e+000	6.46964636e+001	
1.17945297e+000	6.46164102e+001	
1.18212141e+000	6.45363568e+001	
1.18478986e+000	6.44563035e+001	
1.18745831e+000	6.43762501e+001	
1.19012675e+000	6.42961967e+001	
1.19279520e+000	6.42161433e+001	
1.19546364e+000	6.41360900e+001	
1.19813209e+000	6.40560366e+001	
1.20080053e+000	6.39759832e+001	
1.20346898e+000	6.38959299e+001	
1.20613742e+000	6.38158765e+001	
1.20880587e+000	6.37358231e+001	
1.21147432e+000	6.36557698e+001	
1.21414276e+000	6.35757164e+001	
1.21681121e+000	6.34956630e+001	
1.21947965e+000	6.34156096e+001	
1.22214810e+000	6.33355563e+001	
1.22481654e+000	6.32555029e+001	
1.22748499e+000	6.31754495e+001	
1.23015344e+000	6.30953962e+001	
1.23282188e+000	6.30153428e+001	
1.23549033e+000	6.29352894e+001	
1.23815877e+000	6.28552361e+001	
1.24082722e+000	6.27751827e+001	
1.24349566e+000	6.26951293e+001	
1.24616411e+000	6.26150760e+001	
1.24883256e+000	6.25350226e+001	
1.25150100e+000	6.24549692e+001	
1.25416945e+000	6.23749158e+001	
1.25683789e+000	6.22948625e+001	
1.25950634e+000	6.22148091e+001	
1.26217478e+000	6.21347557e+001	
1.26484323e+000	6.20547024e+001	
1.26751167e+000	6.19746490e+001	
1.27018012e+000	6.18945956e+001	
1.27284857e+000	6.18145423e+001	
1.27551701e+000	6.17344889e+001	
1.27818546e+000	6.16544355e+001	
1.28085390e+000	6.15743822e+001	
1.28352235e+000	6.14943288e+001	
1.28619079e+000	6.14142754e+001	
1.28885924e+000	6.13342220e+001	
1.29152769e+000	6.12541687e+001	
1.29419613e+000	6.11741153e+001	
1.29686458e+000	6.10940619e+001	
1.29953302e+000	6.10140086e+001	
1.30220147e+000	6.09339552e+001	
1.30486991e+000	6.08539018e+001	
1.30753836e+000	6.07738485e+001	
1.31020680e+000	6.06937951e+001	
1.31287525e+000	6.06137417e+001	
1.31554370e+000	6.05336884e+001	
1.31821214e+000	6.04536350e+001	
1.32088059e+000	6.03735816e+001	
1.32354903e+000	6.02935283e+001	
1.32621748e+000	6.02134749e+001	
1.32888592e+000	6.01334215e+001	
1.33155437e+000	6.00533682e+001	
1.33422282e+000	5.99733148e+001	
1.33689126e+000	5.98932614e+001	
1.33955971e+000	5.98132081e+001	
1.34222815e+000	5.97331547e+001	
1.34489660e+000	5.96531013e+001	
1.34756504e+000	5.95730479e+001	
1.35023349e+000	5.94929946e+001	
1.35290193e+000	5.94129412e+001	
1.35557038e+000	5.93328878e+001	
1.35823883e+000	5.92528345e+001	
1.36090727e+000	5.91727811e+001	
1.36357572e+000	5.90927277e+001	
1.36624416e+000	5.90126744e+001	
1.36891261e+000	5.89326210e+001	
1.37158105e+000	5.88525676e+001	
1.37424950e+000	5.87725143e+001	
1.37691795e+000	5.86924609e+001	
1.37958639e+000	5.86124075e+001	
1.38225484e+000	5.85323542e+001	
1.38492328e+000	5.84523008e+001	
1.38759173e+000	5.83722474e+001	
1.39026017e+000	5.82921941e+001	
1.39292862e+000	5.82121407e+001	
1.39559706e+000	5.81320873e+001	
1.39826551e+000	5.80520340e+001	
1.40093396e+000	5.79719806e+001	
1.40360240e+000	5.78919272e+001	
1.40627085e+000	5.78118738e+001	
1.40893929e+000	5.77318205e+001	
1.41160774e+000	5.76517671e+001	
1.41427618e+000	5.75717137e+001	
1.41694463e+000	5.74916604e+001	
1.41961308e+000	5.74116070e+001	
1.42228152e+000	5.73315536e+001	
1.42494997e+000	5.72515003e+001	
1.42761841e+000	5.71714469e+001	
1.43028686e+000	5.70913935e+001	
1.43295530e+000	5.70113402e+001	
1.43562375e+000	5.69312868e+001	
1.43829219e+000	5.68512334e+001	
1.44096064e+000	5.67711801e+001	
1.44362909e+000	5.66911267e+001	
1.44629753e+000	5.66110733e+001	
1.44896598e+000	5.65310200e+001	
1.45163442e+000	5.64509666e+001	
1.45430287e+000	5.63709132e+001	
1.45697131e+000	5.62908599e+001	
1.45963976e+000	5.62108065e+001	
1.46230821e+000	5.61307531e+001	
1.46497665e+000	5.60506998e+001	
1.46764510e+000	5.59706464e+001	
1.47031354e+000	5.58905930e+001	
1.47298199e+000	5.58105396e+001	
1.47565043e+000	5.57304863e+001	
1.47831888e+000	5.56504329e+001	
1.48098732e+000	5.55703795e+001	
1.48365577e+000	5.54903262e+001	
1.48632422e+000	5.54102728e+001	
1.48899266e+000	5.53302194e+001	
1.49166111e+000	5.52501661e+001	
1.49432955e+000	5.51701127e+001	
1.49699800e+000	5.50900593e+001	
1.49966644e+000	5.50100060e+001	
1.50233489e+000	5.49299526e+001	
1.50500334e+000	5.48498992e+001	
1.50767178e+000	5.47698459e+001	
1.51034023e+000	5.46897925e+001	
1.51300867e+000	5.46097391e+001	
1.51567712e+000	5.45296858e+001	
1.51834556e+000	5.44496324e+001	
1.52101401e+000	5.43695790e+001	
1.52368245e+000	5.42895257e+001	
1.52635090e+000	5.42094723e+001	
1.52901935e+000	5.41294189e+001	
1.53168779e+000	5.40493655e+001	
1.53435624e+000	5.39693122e+001	
1.53702468e+000	5.38892588e+001	
1.53969313e+000	5.38092054e+001	
1.54236157e+000	5.37291521e+001	
1.54503002e+000	5.36490987e+001	
1.54769847e+000	5.35690453e+001	
1.55036691e+000	5.34889920e+001	
1.55303536e+000	5.34089386e+001	
1.55570380e+000	5.33288852e+001	
1.55837225e+000	5.32488319e+001	
1.56104069e+000	5.31687785e+001	
1.56370914e+000	5.30887251e+001	
1.56637759e+000	5.30086718e+001	
1.56904603e+000	5.29286184e+001	
1.57171448e+000	5.28485650e+001	
1.57438292e+000	5.27685117e+001	
1.57705137e+000	5.26884583e+001	
1.57971981e+000	5.26084049e+001	
1.58238826e+000	5.25283516e+001	
1.58505670e+000	5.24482982e+001	
1.58772515e+000	5.23682448e+001	
1.59039360e+000	5.22881915e+001	
1.59306204e+000	5.22081381e+001	
1.59573049e+000	5.21280847e+001	
1.59839893e+000	5.20480313e+001	
1.60106738e+000	5.19679780e+001	
1.60373582e+000	5.18879246e+001	
1.60640427e+000	5.18078712e+001	
1.60907272e+000	5.17278179e+001	
1.61174116e+000	5.16477645e+001	
1.61440961e+000	5.15677111e+001	
1.61707805e+000	5.14876578e+001	
1.61974650e+000	5.14076044e+001	
1.62241494e+000	5.13275510e+001	
1.62508339e+000	5.12474977e+001	
1.62775183e+000	5.11674443e+001	
1.63042028e+000	5.10873909e+001	
1.63308873e+000	5.10073376e+001	
1.63575717e+000	5.09272842e+001	
1.63842562e+000	5.08472308e+001	
1.64109406e+000	5.07671775e+001	
1.64376251e+000	5.06871241e+001	
1.64643095e+000	5.06070707e+001	
1.64909940e+000	5.05270173e+001	
1.65176785e+000	5.04469640e+001	
1.65443629e+000	5.03669106e+001	
1.65710474e+000	5.02868572e+001	
1.65977318e+000	5.02068039e+001	
1.66244163e+000	5.01267505e+001	
1.66511007e+000	5.00466971e+001	
1.66777852e+000	4.99666438e+001	
1.67044696e+000	4.98865904e+001	
1.67311541e+000	4.98065370e+001	
1.67578386e+000	4.97264837e+001	
1.67845230e+000	4.96464303e+001	
1.68112075e+000	4.95663769e+001	
1.68378919e+000	4.94863236e+001	
1.68645764e+000	4.94062702e+001	
1.68912608e+000	4.93262168e+001	
1.69179453e+000	4.92461634e+001	
1.69446298e+000	4.91661101e+001	
1.69713142e+000	4.90860567e+001	
1.69979987e+000	4.90060033e+001	
1.70246831e+000	4.89259500e+001	
1.70513676e+000	4.88458966e+001	
1.70780520e+000	4.87658432e+001	
1.71047365e+000	4.86857899e+001	
1.71314209e+000	4.86057365e+001	
1.71581054e+000	4.85256831e+001	
1.71847899e+000	4.84456298e+001	
1.72114743e+000	4.83655764e+001	
1.72381588e+000	4.82855230e+001	
1.72648432e+000	4.82054697e+001	
1.72915277e+000	4.81254163e+001	
1.73182121e+000	4.80453629e+001	
1.73448966e+000	4.79653096e+001	
1.73715811e+000	4.78852562e+001	
1.73982655e+000	4.78052028e+001	
1.74249500e+000	4.77251494e+001	
1.74516344e+000	4.76450961e+001	
1.74783189e+000	4.75650427e+001	
1.75050033e+000	4.74849893e+001	
1.75316878e+000	4.74049360e+001	
1.75583722e+000	4.73248826e+001	
1.75850567e+000	4.72448292e+001	
1.76117412e+000	4.71647759e+001	
1.76384256e+000	4.70847225e+001	
1.76651101e+000	4.70046691e+001	
1.76917945e+000	4.69246158e+001	
1.77184790e+000	4.68445624e+001	
1.77451634e+000	4.67645090e+001	
1.77718479e+000	4.66844557e+001	
1.77985324e+000	4.66044023e+001	
1.78252168e+000	4.65243489e+001	
1.78519013e+000	4.64442956e+001	
1.78785857e+000	4.63642422e+001	
1.79052702e+000	4.62841888e+001	
1.79319546e+000	4.62041354e+001	
1.79586391e+000	4.61240821e+001	
1.79853235e+000	4.60440287e+001	
1.80120080e+000	4.59639753e+001	
1.80386925e+000	4.58839220e+001	
1.80653769e+000	4.58038686e+001	
1.80920614e+000	4.57238152e+001	
1.81187458e+000	4.56437619e+001	
1.81454303e+000	4.55637085e+001	
1.81721147e+000	4.54836551e+001	
1.81987992e+000	4.54036018e+001	
1.82254837e+000	4.53235484e+001	
1.82521681e+000	4.52434950e+001	
1.82788526e+000	4.51634417e+001	
1.83055370e+000	4.50833883e+001	
1.83322215e+000	4.50033349e+001	
1.83589059e+000	4.49232816e+001	
1.83855904e+000	4.48432282e+001	
1.84122748e+000	4.47631748e+001	
1.84389593e+000	4.46831214e+001	
1.84656438e+000	4.46030681e+001	
1.84923282e+000	4.45230147e+001	
1.85190127e+000	4.44429613e+001	
1.85456971e+000	4.43629080e+001	
1.85723816e+000	4.42828546e+001	
1.85990660e+000	4.42028012e+001	
1.86257505e+000	4.41227479e+001	
1.86524350e+000	4.40426945e+001	
1.86791194e+000	4.39626411e+001	
1.87058039e+000	4.38825878e+001	
1.87324883e+000	4.38025344e+001	
1.87591728e+000	4.37224810e+001	
1.87858572e+000	4.36424277e+001	
1.88125417e+000	4.35623743e+001	
1.88392262e+000	4.34823209e+001	
1.88659106e+000	4.34022676e+001	
1.88925951e+000	4.33222142e+001	
1.89192795e+000	4.32421608e+001	
1.89459640e+000	4.31621074e+001	
1.89726484e+000	4.30820541e+001	
1.89993329e+000	4.30020007e+001	
1.90260173e+000	4.29219473e+001	
1.90527018e+000	4.28418940e+001	
1.90793863e+000	4.27618406e+001	
1.91060707e+000	4.26817872e+001	
1.91327552e+000	4.26017339e+001	
1.91594396e+000	4.25216805e+001	
1.91861241e+000	4.24416271e+001	
1.92128085e+000	4.23615738e+001	
1.92394930e+000	4.22815204e+001	
1.92661775e+000	4.22014670e+001	
1.92928619e+000	4.21214137e+001	
1.93195464e+000	4.20413603e+001	
1.93462308e+000	4.19613069e+001	
1.93729153e+000	4.18812536e+001	
1.93995997e+000	4.18012002e+001	
1.94262842e+000	4.17211468e+001	
1.94529686e+000	4.16410934e+001	
1.94796531e+000	4.15610401e+001	
1.95063376e+000	4.14809867e+001	
1.95330220e+000	4.14009333e+001	
1.95597065e+000	4.13208800e+001	
1.95863909e+000	4.12408266e+001	
1.96130754e+000	4.11607732e+001	
1.96397598e+000	4.10807199e+001	
1.96664443e+000	4.10006665e+001	
1.96931288e+000	4.09206131e+001	
1.97198132e+000	4.08405598e+001	
1.97464977e+000	4.07605064e+001	
1.97731821e+000	4.06804530e+001	
1.97998666e+000	4.06003997e+001	
1.98265510e+000	4.05203463e+001	
1.98532355e+000	4.04402929e+001	
1.98799199e+000	4.03602396e+001	
1.99066044e+000	4.02801862e+001	
1.99332889e+000	4.02001328e+001	
1.99599733e+000	4.01200795e+001	
1.99866578e+000	4.00400261e+001	
2.00133422e+000	3.99599727e+001	
2.00400267e+000	3.98799194e+001	
2.00667111e+000	3.97998660e+001	
2.00933956e+000	3.97198126e+001	
2.01200801e+000	3.96397592e+001	
2.01467645e+000	3.95597059e+001	
2.01734490e+000	3.94796525e+001	
2.02001334e+000	3.93995991e+001	
2.02268179e+000	3.93195458e+001	
2.02535023e+000	3.92394924e+001	
2.02801868e+000	3.91594390e+001	
2.03068712e+000	3.90793857e+001	
2.03335557e+000	3.89993323e+001	
2.03602402e+000	3.89192789e+001	
2.03869246e+000	3.88392256e+001	
2.04136091e+000	3.87591722e+001	
2.04402935e+000	3.86791188e+001	
2.04669780e+000	3.85990655e+001	
2.04936624e+000	3.85190121e+001	
2.05203469e+000	3.84389587e+001	
2.05470314e+000	3.83589054e+001	
2.05737158e+000	3.82788520e+001	
2.06004003e+000	3.81987986e+001	
2.06270847e+000	3.81187453e+001	
2.06537692e+000	3.80386919e+001	
2.06804536e+000	3.79586385e+001	
2.07071381e+000	3.78785852e+001	
2.07338225e+000	3.77985318e+001	
2.07605070e+000	3.77184784e+001	
2.07871915e+000	3.76384250e+001	
2.08138759e+000	3.75583717e+001	
2.08405604e+000	3.74783183e+001	
2.08672448e+000	3.73982649e+001	
2.08939293e+000	3.73182116e+001	
2.09206137e+000	3.72381582e+001	
2.09472982e+000	3.71581048e+001	
2.09739827e+000	3.70780515e+001	
2.10006671e+000	3.69979981e+001	
2.10273516e+000	3.69179447e+001	
2.10540360e+000	3.68378914e+001	
2.10807205e+000	3.67578380e+001	
2.11074049e+000	3.66777846e+001	
2.11340894e+000	3.65977313e+001	
2.11607738e+000	3.65176779e+001	
2.11874583e+000	3.64376245e+001	
2.12141428e+000	3.63575712e+001	
2.12408272e+000	3.62775178e+001	
2.12675117e+000	3.61974644e+001	
2.12941961e+000	3.61174111e+001	
2.13208806e+000	3.60373577e+001	
2.13475650e+000	3.59573043e+001	
2.13742495e+000	3.58772510e+001	
2.14009340e+000	3.57971976e+001	
2.14276184e+000	3.57171442e+001	
2.14543029e+000	3.56370908e+001	
2.14809873e+000	3.55570375e+001	
2.15076718e+000	3.54769841e+001	
2.15343562e+000	3.53969307e+001	
2.15610407e+000	3.53168774e+001	
2.15877252e+000	3.52368240e+001	
2.16144096e+000	3.51567706e+001	
2.16410941e+000	3.50767173e+001	
2.16677785e+000	3.49966639e+001	
2.16944630e+000	3.49166105e+001	
2.17211474e+000	3.48365572e+001	
2.17478319e+000	3.47565038e+001	
2.17745163e+000	3.46764504e+001	
2.18012008e+000	3.45963971e+001	
2.18278853e+000	3.45163437e+001	
2.18545697e+000	3.44362903e+001	
2.18812542e+000	3.43562369e+001	
2.19079386e+000	3.42761836e+001	
2.19346231e+000	3.41961302e+001	
2.19613075e+000	3.41160768e+001	
2.19879920e+000	3.40360235e+001	
2.20146765e+000	3.39559701e+001	
2.20413609e+000	3.38759167e+001	
2.20680454e+000	3.37958634e+001	
2.20947298e+000	3.37158100e+001	
2.21214143e+000	3.36357566e+001	
2.21480987e+000	3.35557033e+001	
2.21747832e+000	3.34756499e+001	
2.22014676e+000	3.33955965e+001	
2.22281521e+000	3.33155432e+001	
2.22548366e+000	3.32354898e+001	
2.22815210e+000	3.31554364e+001	
2.23082055e+000	3.30753830e+001	
2.23348899e+000	3.29953297e+001	
2.23615744e+000	3.29152763e+001	
2.23882588e+000	3.28352229e+001	
2.24149433e+000	3.27551696e+001	
2.24416278e+000	3.26751162e+001	
2.24683122e+000	3.25950628e+001	
2.24949967e+000	3.25150095e+001	
2.25216811e+000	3.24349561e+001	
2.25483656e+000	3.23549027e+001	
2.25750500e+000	3.22748494e+001	
2.26017345e+000	3.21947960e+001	
2.26284189e+000	3.21147426e+001	
2.26551034e+000	3.20346893e+001	
2.26817879e+000	3.19546359e+001	
2.27084723e+000	3.18745825e+001	
2.27351568e+000	3.17945292e+001	
2.27618412e+000	3.17144758e+001	
2.27885257e+000	3.16344224e+001	
2.28152101e+000	3.15543691e+001	
2.28418946e+000	3.14743157e+001	
2.28685791e+000	3.13942623e+001	
2.28952635e+000	3.13142090e+001	
2.29219480e+000	3.12341556e+001	
2.29486324e+000	3.11541022e+001	
2.29753169e+000	3.10740488e+001	
2.30020013e+000	3.09939955e+001	
2.30286858e+000	3.09139421e+001	
2.30553702e+000	3.08338887e+001	
2.30820547e+000	3.07538354e+001	
2.31087392e+000	3.06737820e+001	
2.31354236e+000	3.05937286e+001	
2.31621081e+000	3.05136753e+001	
2.31887925e+000	3.04336219e+001	
2.32154770e+000	3.03535685e+001	
2.32421614e+000	3.02735152e+001	
2.32688459e+000	3.01934618e+001	
2.32955304e+000	3.01134084e+001	
2.33222148e+000	3.00333551e+001	
2.33488993e+000	2.99533017e+001	
2.33755837e+000	2.98732483e+001	
2.34022682e+000	2.97931950e+001	
2.34289526e+000	2.97131416e+001	
2.34556371e+000	2.96330882e+001	
2.34823215e+000	2.95530349e+001	
2.35090060e+000	2.94729815e+001	
2.35356905e+000	2.93929281e+001	
2.35623749e+000	2.93128748e+001	
2.35890594e+000	2.92328214e+001	
2.36157438e+000	2.91527680e+001	
2.36424283e+000	2.90727146e+001	
2.36691127e+000	2.89926613e+001	
2.36957972e+000	2.89126079e+001	
2.37224817e+000	2.88325545e+001	
2.37491661e+000	2.87525012e+001	
2.37758506e+000	2.86724478e+001	
2.38025350e+000	2.85923944e+001	
2.38292195e+000	2.85123411e+001	
2.38559039e+000	2.84322877e+001	
2.38825884e+000	2.83522343e+001	
2.39092728e+000	2.82721810e+001	
2.39359573e+000	2.81921276e+001	
2.39626418e+000	2.81120742e+001	
2.39893262e+000	2.80320209e+001	
2.40160107e+000	2.79519675e+001	
2.40426951e+000	2.78719141e+001	
2.40693796e+000	2.77918608e+001	
2.40960640e+000	2.77118074e+001	
2.41227485e+000	2.76317540e+001	
2.41494330e+000	2.75517007e+001	
2.41761174e+000	2.74716473e+001	
2.42028019e+000	2.73915939e+001	
2.42294863e+000	2.73115406e+001	
2.42561708e+000	2.72314872e+001	
2.42828552e+000	2.71514338e+001	
2.43095397e+000	2.70713805e+001	
2.43362241e+000	2.69913271e+001	
2.43629086e+000	2.69112737e+001	
2.43895931e+000	2.68312203e+001	
2.44162775e+000	2.67511670e+001	
2.44429620e+000	2.66711136e+001	
2.44696464e+000	2.65910602e+001	
2.44963309e+000	2.65110069e+001	
2.45230153e+000	2.64309535e+001	
2.45496998e+000	2.63509001e+001	
2.45763843e+000	2.62708468e+001	
2.46030687e+000	2.61907934e+001	
2.46297532e+000	2.61107400e+001	
2.46564376e+000	2.60306867e+001	
2.46831221e+000	2.59506333e+001	
2.47098065e+000	2.58705799e+001	
2.47364910e+000	2.57905266e+001	
2.47631755e+000	2.57104732e+001	
2.47898599e+000	2.56304198e+001	
2.48165444e+000	2.55503665e+001	
2.48432288e+000	2.54703131e+001	
2.48699133e+000	2.53902597e+001	
2.48965977e+000	2.53102064e+001	
2.49232822e+000	2.52301530e+001	
2.49499666e+000	2.51500996e+001	
2.49766511e+000	2.50700463e+001	
2.50033356e+000	2.49899929e+001	
2.50300200e+000	2.49099395e+001	
2.50567045e+000	2.48298861e+001	
2.50833889e+000	2.47498328e+001	
2.51100734e+000	2.46697794e+001	
2.51367578e+000	2.45897260e+001	
2.51634423e+000	2.45096727e+001	
2.51901268e+000	2.44296193e+001	
2.52168112e+000	2.43495659e+001	
2.52434957e+000	2.42695126e+001	
2.52701801e+000	2.41894592e+001	
2.52968646e+000	2.41094058e+001	
2.53235490e+000	2.40293525e+001	
2.53502335e+000	2.39492991e+001	
2.53769179e+000	2.38692457e+001	
2.54036024e+000	2.37891924e+001	
2.54302869e+000	2.37091390e+001	
2.54569713e+000	2.36290856e+001	
2.54836558e+000	2.35490323e+001	
2.55103402e+000	2.34689789e+001	
2.55370247e+000	2.33889255e+001	
2.55637091e+000	2.33088722e+001	
2.55903936e+000	2.32288188e+001	
2.56170781e+000	2.31487654e+001	
2.56437625e+000	2.30687121e+001	
2.56704470e+000	2.29886587e+001	
2.56971314e+000	2.29086053e+001	
2.57238159e+000	2.28285520e+001	
2.57505003e+000	2.27484986e+001	
2.57771848e+000	2.26684452e+001	
2.58038692e+000	2.25883918e+001	
2.58305537e+000	2.25083385e+001	
2.58572382e+000	2.24282851e+001	
2.58839226e+000	2.23482317e+001	
2.59106071e+000	2.22681784e+001	
2.59372915e+000	2.21881250e+001	
2.59639760e+000	2.21080716e+001	
2.59906604e+000	2.20280183e+001	
2.60173449e+000	2.19479649e+001	
2.60440294e+000	2.18679115e+001	
2.60707138e+000	2.17878582e+001	
2.60973983e+000	2.17078048e+001	
2.61240827e+000	2.16277514e+001	
2.61507672e+000	2.15476981e+001	
2.61774516e+000	2.14676447e+001	
2.62041361e+000	2.13875913e+001	
2.62308205e+000	2.13075380e+001	
2.62575050e+000	2.12274846e+001	
2.62841895e+000	2.11474312e+001	
2.63108739e+000	2.10673779e+001	
2.63375584e+000	2.09873245e+001	
2.63642428e+000	2.09072711e+001	
2.63909273e+000	2.08272178e+001	
2.64176117e+000	2.07471644e+001	
2.64442962e+000	2.06671110e+001	
2.64709807e+000	2.05870576e+001	
2.64976651e+000	2.05070043e+001	
2.65243496e+000	2.04269509e+001	
2.65510340e+000	2.03468975e+001	
2.65777185e+000	2.02668442e+001	
2.66044029e+000	2.01867908e+001	
2.66310874e+000	2.01067374e+001	
2.66577718e+000	2.00266841e+001	
2.66844563e+000	1.99466307e+001	
2.67111408e+000	1.98665773e+001	
2.67378252e+000	1.97865240e+001	
2.67645097e+000	1.97064706e+001	
2.67911941e+000	1.96264172e+001	
2.68178786e+000	1.95463639e+001	
2.68445630e+000	1.94663105e+001	
2.68712475e+000	1.93862571e+001	
2.68979320e+000	1.93062038e+001	
2.69246164e+000	1.92261504e+001	
2.69513009e+000	1.91460970e+001	
2.69779853e+000	1.90660437e+001	
2.70046698e+000	1.89859903e+001	
2.70313542e+000	1.89059369e+001	
2.70580387e+000	1.88258836e+001	
2.70847231e+000	1.87458302e+001	
2.71114076e+000	1.86657768e+001	
2.71380921e+000	1.85857234e+001	
2.71647765e+000	1.85056701e+001	
2.71914610e+000	1.84256167e+001	
2.72181454e+000	1.83455633e+001	
2.72448299e+000	1.82655100e+001	
2.72715143e+000	1.81854566e+001	
2.72981988e+000	1.81054032e+001	
2.73248833e+000	1.80253499e+001	
2.73515677e+000	1.79452965e+001	
2.73782522e+000	1.78652431e+001	
2.74049366e+000	1.77851898e+001	
2.74316211e+000	1.77051364e+001	
2.74583055e+000	1.76250830e+001	
2.74849900e+000	1.75450297e+001	
2.75116744e+000	1.74649763e+001	
2.75383589e+000	1.73849229e+001	
2.75650434e+000	1.73048696e+001	
2.75917278e+000	1.72248162e+001	
2.76184123e+000	1.71447628e+001	
2.76450967e+000	1.70647095e+001	
2.76717812e+000	1.69846561e+001	
2.76984656e+000	1.69046027e+001	
2.77251501e+000	1.68245494e+001	
2.77518346e+000	1.67444960e+001	
2.77785190e+000	1.66644426e+001	
2.78052035e+000	1.65843892e+001	
2.78318879e+000	1.65043359e+001	
2.78585724e+000	1.64242825e+001	
2.78852568e+000	1.63442291e+001	
2.79119413e+000	1.62641758e+001	
2.79386258e+000	1.61841224e+001	
2.79653102e+000	1.61040690e+001	
2.79919947e+000	1.60240157e+001	
2.80186791e+000	1.59439623e+001	
2.80453636e+000	1.58639089e+001	
2.80720480e+000	1.57838556e+001	
2.80987325e+000	1.57038022e+001	
2.81254169e+000	1.56237488e+001	
2.81521014e+000	1.55436955e+001	
2.81787859e+000	1.54636421e+001	
2.82054703e+000	1.53835887e+001	
2.82321548e+000	1.53035354e+001	
2.82588392e+000	1.52234820e+001	
2.82855237e+000	1.51434286e+001	
2.83122081e+000	1.50633753e+001	
2.83388926e+000	1.49833219e+001	
2.83655771e+000	1.49032685e+001	
2.83922615e+000	1.48232152e+001	
2.84189460e+000	1.47431618e+001	
2.84456304e+000	1.46631084e+001	
2.84723149e+000	1.45830550e+001	
2.84989993e+000	1.45030017e+001	
2.85256838e+000	1.44229483e+001	
2.85523682e+000	1.43428949e+001	
2.85790527e+000	1.42628416e+001	
2.86057372e+000	1.41827882e+001	
2.86324216e+000	1.41027348e+001	
2.86591061e+000	1.40226815e+001	
2.86857905e+000	1.39426281e+001	
2.87124750e+000	1.38625747e+001	
2.87391594e+000	1.37825214e+001	
2.87658439e+000	1.37024680e+001	
2.87925284e+000	1.36224146e+001	
2.88192128e+000	1.35423613e+001	
2.88458973e+000	1.34623079e+001	
2.88725817e+000	1.33822545e+001	
2.88992662e+000	1.33022012e+001	
2.89259506e+000	1.32221478e+001	
2.89526351e+000	1.31420944e+001	
2.89793195e+000	1.30620411e+001	
2.90060040e+000	1.29819877e+001	
2.90326885e+000	1.29019343e+001	
2.90593729e+000	1.28218810e+001	
2.90860574e+000	1.27418276e+001	
2.91127418e+000	1.26617742e+001	
2.91394263e+000	1.25817208e+001	
2.91661107e+000	1.25016675e+001	
2.91927952e+000	1.24216141e+001	
2.92194797e+000	1.23415607e+001	
2.92461641e+000	1.22615074e+001	
2.92728486e+000	1.21814540e+001	
2.92995330e+000	1.21014006e+001	
2.93262175e+000	1.20213473e+001	
2.93529019e+000	1.19412939e+001	
2.93795864e+000	1.18612405e+001	
2.94062708e+000	1.17811872e+001	
2.94329553e+000	1.17011338e+001	
2.94596398e+000	1.16210804e+001	
2.94863242e+000	1.15410271e+001	
2.95130087e+000	1.14609737e+001	
2.95396931e+000	1.13809203e+001	
2.95663776e+000	1.13008670e+001	
2.95930620e+000	1.12208136e+001	
2.96197465e+000	1.11407602e+001	
2.96464310e+000	1.10607069e+001	
2.96731154e+000	1.09806535e+001	
2.96997999e+000	1.09006001e+001	
2.97264843e+000	1.08205468e+001	
2.97531688e+000	1.07404934e+001	
2.97798532e+000	1.06604400e+001	
2.98065377e+000	1.05803866e+001	
2.98332221e+000	1.05003333e+001	
2.98599066e+000	1.04202799e+001	
2.98865911e+000	1.03402265e+001	
2.99132755e+000	1.02601732e+001	
2.99399600e+000	1.01801198e+001	
2.99666444e+000	1.01000664e+001	
2.99933289e+000	1.00200131e+001	
3.00200133e+000	9.95997305e+000	
3.00466978e+000	9.90660413e+000	
3.00733823e+000	9.85323522e+000	
3.01000667e+000	9.79986631e+000	
3.01267512e+000	9.74649740e+000	
3.01534356e+000	9.69312848e+000	
3.01801201e+000	9.63975957e+000	
3.02068045e+000	9.58639066e+000	
3.02334890e+000	9.53302174e+000	
3.02601734e+000	9.47965283e+000	
3.02868579e+000	9.42628392e+000	
3.03135424e+000	9.37291501e+000	
3.03402268e+000	9.31954609e+000	
3.03669113e+000	9.26617718e+000	
3.03935957e+000	9.21280827e+000	
3.04202802e+000	9.15943936e+000	
3.04469646e+000	9.10607044e+000	
3.04736491e+000	9.05270153e+000	
3.05003336e+000	8.99933262e+000	
3.05270180e+000	8.94596371e+000	
3.05537025e+000	8.89259479e+000	
3.05803869e+000	8.83922588e+000	
3.06070714e+000	8.78585697e+000	
3.06337558e+000	8.73248806e+000	
3.06604403e+000	8.67911914e+000	
3.06871247e+000	8.62575023e+000	
3.07138092e+000	8.57238132e+000	
3.07404937e+000	8.51901241e+000	
3.07671781e+000	8.46564349e+000	
3.07938626e+000	8.41227458e+000	
3.08205470e+000	8.35890567e+000	
3.08472315e+000	8.30553676e+000	
3.08739159e+000	8.25216784e+000	
3.09006004e+000	8.19879893e+000	
3.09272849e+000	8.14543002e+000	
3.09539693e+000	8.09206111e+000	
3.09806538e+000	8.03869219e+000	
3.10073382e+000	7.98532328e+000	
3.10340227e+000	7.93195437e+000	
3.10607071e+000	7.87858546e+000	
3.10873916e+000	7.82521654e+000	
3.11140761e+000	7.77184763e+000	
3.11407605e+000	7.71847872e+000	
3.11674450e+000	7.66510981e+000	
3.11941294e+000	7.61174089e+000	
3.12208139e+000	7.55837198e+000	
3.12474983e+000	7.50500307e+000	
3.12741828e+000	7.45163416e+000	
3.13008672e+000	7.39826524e+000	
3.13275517e+000	7.34489633e+000	
3.13542362e+000	7.29152742e+000	
3.13809206e+000	7.23815851e+000	
3.14076051e+000	7.18478959e+000	
3.14342895e+000	7.13142068e+000	
3.14609740e+000	7.07805177e+000	
3.14876584e+000	7.02468285e+000	
3.15143429e+000	6.97131394e+000	
3.15410274e+000	6.91794503e+000	
3.15677118e+000	6.86457612e+000	
3.15943963e+000	6.81120720e+000	
3.16210807e+000	6.75783829e+000	
3.16477652e+000	6.70446938e+000	
3.16744496e+000	6.65110047e+000	
3.17011341e+000	6.59773155e+000	
3.17278185e+000	6.54436264e+000	
3.17545030e+000	6.49099373e+000	
3.17811875e+000	6.43762482e+000	
3.18078719e+000	6.38425590e+000	
3.18345564e+000	6.33088699e+000	
3.18612408e+000	6.27751808e+000	
3.18879253e+000	6.22414917e+000	
3.19146097e+000	6.17078025e+000	
3.19412942e+000	6.11741134e+000	
3.19679787e+000	6.06404243e+000	
3.19946631e+000	6.01067352e+000	
3.20213476e+000	5.95730460e+000	
3.20480320e+000	5.90393569e+000	
3.20747165e+000	5.85056678e+000	
3.21014009e+000	5.79719787e+000	
3.21280854e+000	5.74382895e+000	
3.21547698e+000	5.69046004e+000	
3.21814543e+000	5.63709113e+000	
3.22081388e+000	5.58372222e+000	
3.22348232e+000	5.53035330e+000	
3.22615077e+000	5.47698439e+000	
3.22881921e+000	5.42361548e+000	
3.23148766e+000	5.37024657e+000	
3.23415610e+000	5.31687765e+000	
3.23682455e+000	5.26350874e+000	
3.23949300e+000	5.21013983e+000	
3.24216144e+000	5.15677092e+000	
3.24482989e+000	5.10340200e+000	
3.24749833e+000	5.05003309e+000	
3.25016678e+000	4.99666418e+000	
3.25283522e+000	4.94329527e+000	
3.25550367e+000	4.88992635e+000	
3.25817211e+000	4.83655744e+000	
3.26084056e+000	4.78318853e+000	
3.26350901e+000	4.72981962e+000	
3.26617745e+000	4.67645070e+000	
3.26884590e+000	4.62308179e+000	
3.27151434e+000	4.56971288e+000	
3.27418279e+000	4.51634396e+000	
3.27685123e+000	4.46297505e+000	
3.27951968e+000	4.40960614e+000	
3.28218813e+000	4.35623723e+000	
3.28485657e+000	4.30286831e+000	
3.28752502e+000	4.24949940e+000	
3.29019346e+000	4.19613049e+000	
3.29286191e+000	4.14276158e+000	
3.29553035e+000	4.08939266e+000	
3.29819880e+000	4.03602375e+000	
3.30086724e+000	3.98265484e+000	
3.30353569e+000	3.92928593e+000	
3.30620414e+000	3.87591701e+000	
3.30887258e+000	3.82254810e+000	
3.31154103e+000	3.76917919e+000	
3.31420947e+000	3.71581028e+000	
3.31687792e+000	3.66244136e+000	
3.31954636e+000	3.60907245e+000	
3.32221481e+000	3.55570354e+000	
3.32488326e+000	3.50233463e+000	
3.32755170e+000	3.44896572e+000	
3.33022015e+000	3.39559681e+000	
3.33288859e+000	3.34222790e+000	
3.33555704e+000	3.28885898e+000	
3.33822548e+000	3.23549007e+000	
3.34089393e+000	3.18212116e+000	
3.34356237e+000	3.12875225e+000	
3.34623082e+000	3.07538334e+000	
3.34889927e+000	3.02201443e+000	
3.35156771e+000	2.96864552e+000	
3.35423616e+000	2.91527660e+000	
3.35690460e+000	2.86190769e+000	
3.35957305e+000	2.80853878e+000	
3.36224149e+000	2.75516987e+000	
3.36490994e+000	2.70180096e+000	
3.36757839e+000	2.64843205e+000	
3.37024683e+000	2.59506314e+000	
3.37291528e+000	2.54169422e+000	
3.37558372e+000	2.48832531e+000	
3.37825217e+000	2.43495640e+000	
3.38092061e+000	2.38158749e+000	
3.38358906e+000	2.32821858e+000	
3.38625751e+000	2.27484967e+000	
3.38892595e+000	2.22148076e+000	
3.39159440e+000	2.16811184e+000	
3.39426284e+000	2.11474293e+000	
3.39693129e+000	2.06137402e+000	
3.39959973e+000	2.00800511e+000	
3.40226818e+000	1.95463620e+000	
3.40493662e+000	1.90126729e+000	
3.40760507e+000	1.84789837e+000	
3.41027352e+000	1.79452946e+000	
3.41294196e+000	1.74116055e+000	
3.41561041e+000	1.68779164e+000	
3.41827885e+000	1.63442273e+000	
3.42094730e+000	1.58105382e+000	
3.42361574e+000	1.52768491e+000	
3.42628419e+000	1.47431599e+000	
3.42895264e+000	1.42094708e+000	
3.43162108e+000	1.36757817e+000	
3.43428953e+000	1.31420926e+000	
3.43695797e+000	1.26084035e+000	
3.43962642e+000	1.20747144e+000	
3.44229486e+000	1.15410253e+000	
3.44496331e+000	1.10073361e+000	
3.44763175e+000	1.04736470e+000	
3.45030020e+000	9.93995792e-001	
3.45296865e+000	9.40626880e-001	
3.45563709e+000	8.87257969e-001	
3.45830554e+000	8.33889057e-001	
3.46097398e+000	7.80520146e-001	
3.46364243e+000	7.27151234e-001	
3.46631087e+000	6.73782323e-001	
3.46897932e+000	6.20413412e-001	
3.47164777e+000	5.67044500e-001	
3.47431621e+000	5.13675589e-001	
3.47698466e+000	4.60306677e-001	
3.47965310e+000	4.06937766e-001	
3.48232155e+000	3.53568854e-001	
3.48498999e+000	3.00199943e-001	
3.48765844e+000	2.46831031e-001	
3.49032688e+000	1.93462120e-001	
3.49299533e+000	1.40093209e-001	
3.49566378e+000	8.67242972e-002	
3.49833222e+000	3.33553875e-002	
3.50100067e+000	-2.00135222e-002	
3.50366911e+000	-7.33824319e-002	
3.50633756e+000	-1.26751342e-001	
3.50900600e+000	-1.80120251e-001	
3.51167445e+000	-2.33489161e-001	
3.51434290e+000	-2.86858071e-001	
3.51701134e+000	-3.40226980e-001	
3.51967979e+000	-3.93595890e-001	
3.52234823e+000	-4.46964800e-001	
3.52501668e+000	-5.00333709e-001	
3.52768512e+000	-5.53702619e-001	
3.53035357e+000	-6.07071529e-001	
3.53302201e+000	-6.60440439e-001	
3.53569046e+000	-7.13809348e-001	
3.53835891e+000	-7.67178258e-001	
3.54102735e+000	-8.20547168e-001	
3.54369580e+000	-8.73916077e-001	
3.54636424e+000	-9.27284987e-001	
3.54903269e+000	-9.80653897e-001	
3.55170113e+000	-1.03402281e+000	
3.55436958e+000	-1.08739172e+000	
3.55703803e+000	-1.14076063e+000	
3.55970647e+000	-1.19412954e+000	
3.56237492e+000	-1.24749845e+000	
3.56504336e+000	-1.30086735e+000	
3.56771181e+000	-1.35423626e+000	
3.57038025e+000	-1.40760517e+000	
3.57304870e+000	-1.46097408e+000	
3.57571714e+000	-1.51434299e+000	
3.57838559e+000	-1.56771190e+000	
3.58105404e+000	-1.62108081e+000	
3.58372248e+000	-1.67444972e+000	
3.58639093e+000	-1.72781863e+000	
3.58905937e+000	-1.78118754e+000	
3.59172782e+000	-1.83455645e+000	
3.59439626e+000	-1.88792536e+000	
3.59706471e+000	-1.94129427e+000	
3.59973316e+000	-1.99466318e+000	
3.60240160e+000	-2.04803209e+000	
3.60507005e+000	-2.10140101e+000	
3.60773849e+000	-2.15476992e+000	
3.61040694e+000	-2.20813883e+000	
3.61307538e+000	-2.26150774e+000	
3.61574383e+000	-2.31487665e+000	
3.61841227e+000	-2.36824557e+000	
3.62108072e+000	-2.42161448e+000	
3.62374917e+000	-2.47498339e+000	
3.62641761e+000	-2.52835230e+000	
3.62908606e+000	-2.58172122e+000	
3.63175450e+000	-2.63509013e+000	
3.63442295e+000	-2.68845904e+000	
3.63709139e+000	-2.74182795e+000	
3.63975984e+000	-2.79519687e+000	
3.64242829e+000	-2.84856578e+000	
3.64509673e+000	-2.90193469e+000	
3.64776518e+000	-2.95530360e+000	
3.65043362e+000	-3.00867252e+000	
3.65310207e+000	-3.06204143e+000	
3.65577051e+000	-3.11541034e+000	
3.65843896e+000	-3.16877925e+000	
3.66110740e+000	-3.22214817e+000	
3.66377585e+000	-3.27551708e+000	
3.66644430e+000	-3.32888599e+000	
3.66911274e+000	-3.38225490e+000	
3.67178119e+000	-3.43562382e+000	
3.67444963e+000	-3.48899273e+000	
3.67711808e+000	-3.54236164e+000	
3.67978652e+000	-3.59573055e+000	
3.68245497e+000	-3.64909947e+000	
3.68512342e+000	-3.70246838e+000	
3.68779186e+000	-3.75583729e+000	
3.69046031e+000	-3.80920620e+000	
3.69312875e+000	-3.86257511e+000	
3.69579720e+000	-3.91594403e+000	
3.69846564e+000	-3.96931294e+000	
3.70113409e+000	-4.02268185e+000	
3.70380254e+000	-4.07605076e+000	
3.70647098e+000	-4.12941968e+000	
3.70913943e+000	-4.18278859e+000	
3.71180787e+000	-4.23615750e+000	
3.71447632e+000	-4.28952641e+000	
3.71714476e+000	-4.34289533e+000	
3.71981321e+000	-4.39626424e+000	
3.72248165e+000	-4.44963315e+000	
3.72515010e+000	-4.50300206e+000	
3.72781855e+000	-4.55637098e+000	
3.73048699e+000	-4.60973989e+000	
3.73315544e+000	-4.66310880e+000	
3.73582388e+000	-4.71647771e+000	
3.73849233e+000	-4.76984663e+000	
3.74116077e+000	-4.82321554e+000	
3.74382922e+000	-4.87658445e+000	
3.74649767e+000	-4.92995336e+000	
3.74916611e+000	-4.98332228e+000	
3.75183456e+000	-5.03669119e+000	
3.75450300e+000	-5.09006010e+000	
3.75717145e+000	-5.14342901e+000	
3.75983989e+000	-5.19679792e+000	
3.76250834e+000	-5.25016684e+000	
3.76517678e+000	-5.30353575e+000	
3.76784523e+000	-5.35690466e+000	
3.77051368e+000	-5.41027358e+000	
3.77318212e+000	-5.46364249e+000	
3.77585057e+000	-5.51701140e+000	
3.77851901e+000	-5.57038031e+000	
3.78118746e+000	-5.62374923e+000	
3.78385590e+000	-5.67711814e+000	
3.78652435e+000	-5.73048705e+000	
3.78919280e+000	-5.78385597e+000	
3.79186124e+000	-5.83722488e+000	
3.79452969e+000	-5.89059379e+000	
3.79719813e+000	-5.94396270e+000	
3.79986658e+000	-5.99733162e+000	
3.80253502e+000	-6.05070053e+000	
3.80520347e+000	-6.10406944e+000	
3.80787191e+000	-6.15743836e+000	
3.81054036e+000	-6.21080727e+000	
3.81320881e+000	-6.26417618e+000	
3.81587725e+000	-6.31754509e+000	
3.81854570e+000	-6.37091401e+000	
3.82121414e+000	-6.42428292e+000	
3.82388259e+000	-6.47765183e+000	
3.82655103e+000	-6.53102074e+000	
3.82921948e+000	-6.58438966e+000	
3.83188793e+000	-6.63775857e+000	
3.83455637e+000	-6.69112748e+000	
3.83722482e+000	-6.74449640e+000	
3.83989326e+000	-6.79786531e+000	
3.84256171e+000	-6.85123422e+000	
3.84523015e+000	-6.90460313e+000	
3.84789860e+000	-6.95797205e+000	
3.85056704e+000	-7.01134096e+000	
3.85323549e+000	-7.06470987e+000	
3.85590394e+000	-7.11807879e+000	
3.85857238e+000	-7.17144770e+000	
3.86124083e+000	-7.22481661e+000	
3.86390927e+000	-7.27818552e+000	
3.86657772e+000	-7.33155443e+000	
3.86924616e+000	-7.38492335e+000	
3.87191461e+000	-7.43829226e+000	
3.87458306e+000	-7.49166117e+000	
3.87725150e+000	-7.54503008e+000	
3.87991995e+000	-7.59839899e+000	
3.88258839e+000	-7.65176790e+000	
3.88525684e+000	-7.70513681e+000	
3.88792528e+000	-7.75850573e+000	
3.89059373e+000	-7.81187464e+000	
3.89326217e+000	-7.86524355e+000	
3.89593062e+000	-7.91861246e+000	
3.89859907e+000	-7.97198137e+000	
3.90126751e+000	-8.02535028e+000	
3.90393596e+000	-8.07871920e+000	
3.90660440e+000	-8.13208811e+000	
3.90927285e+000	-8.18545702e+000	
3.91194129e+000	-8.23882593e+000	
3.91460974e+000	-8.29219484e+000	
3.91727819e+000	-8.34556375e+000	
3.91994663e+000	-8.39893266e+000	
3.92261508e+000	-8.45230158e+000	
3.92528352e+000	-8.50567049e+000	
3.92795197e+000	-8.55903940e+000	
3.93062041e+000	-8.61240831e+000	
3.93328886e+000	-8.66577722e+000	
3.93595730e+000	-8.71914613e+000	
3.93862575e+000	-8.77251504e+000	
3.94129420e+000	-8.82588395e+000	
3.94396264e+000	-8.87925287e+000	
3.94663109e+000	-8.93262178e+000	
3.94929953e+000	-8.98599069e+000	
3.95196798e+000	-9.03935960e+000	
3.95463642e+000	-9.09272851e+000	
3.95730487e+000	-9.14609742e+000	
3.95997332e+000	-9.19946633e+000	
3.96264176e+000	-9.25283524e+000	
3.96531021e+000	-9.30620416e+000	
3.96797865e+000	-9.35957307e+000	
3.97064710e+000	-9.41294198e+000	
3.97331554e+000	-9.46631089e+000	
3.97598399e+000	-9.51967980e+000	
3.97865243e+000	-9.57304871e+000	
3.98132088e+000	-9.62641762e+000	
3.98398933e+000	-9.67978653e+000	
3.98665777e+000	-9.73315544e+000	
3.98932622e+000	-9.78652436e+000	
3.99199466e+000	-9.83989327e+000	
3.99466311e+000	-9.89326218e+000	
3.99733155e+000	-9.94663109e+000	
4.00000000e+000	-1.00000000e+001	
