% Column 0: Length, mm
% Column 1: Potential, Volts
0.00000000e+000	1.00000000e+002	
2.66844563e-003	9.99266177e+001	
5.33689126e-003	9.98532355e+001	
8.00533689e-003	9.97798532e+001	
1.06737825e-002	9.97064710e+001	
1.33422282e-002	9.96330887e+001	
1.60106738e-002	9.95597065e+001	
1.86791194e-002	9.94863242e+001	
2.13475650e-002	9.94129420e+001	
2.40160107e-002	9.93395597e+001	
2.66844563e-002	9.92661775e+001	
2.93529019e-002	9.91927952e+001	
3.20213476e-002	9.91194130e+001	
3.46897932e-002	9.90460308e+001	
3.73582388e-002	9.89726485e+001	
4.00266845e-002	9.88992663e+001	
4.26951301e-002	9.88258840e+001	
4.53635757e-002	9.87525018e+001	
4.80320213e-002	9.86791195e+001	
5.07004670e-002	9.86057373e+001	
5.33689126e-002	9.85323550e+001	
5.60373582e-002	9.84589728e+001	
5.87058039e-002	9.83855905e+001	
6.13742495e-002	9.83122083e+001	
6.40426951e-002	9.82388260e+001	
6.67111408e-002	9.81654437e+001	
6.93795864e-002	9.80920615e+001	
7.20480320e-002	9.80186792e+001	
7.47164777e-002	9.79452970e+001	
7.73849233e-002	9.78719147e+001	
8.00533689e-002	9.77985324e+001	
8.27218145e-002	9.77251502e+001	
8.53902602e-002	9.76517679e+001	
8.80587058e-002	9.75783857e+001	
9.07271514e-002	9.75050034e+001	
9.33955971e-002	9.74316211e+001	
9.60640427e-002	9.73582389e+001	
9.87324883e-002	9.72848566e+001	
1.01400934e-001	9.72114744e+001	
1.04069380e-001	9.71380921e+001	
1.06737825e-001	9.70647098e+001	
1.09406271e-001	9.69913276e+001	
1.12074716e-001	9.69179453e+001	
1.14743162e-001	9.68445631e+001	
1.17411608e-001	9.67711808e+001	
1.20080053e-001	9.66977985e+001	
1.22748499e-001	9.66244163e+001	
1.25416945e-001	9.65510340e+001	
1.28085390e-001	9.64776518e+001	
1.30753836e-001	9.64042695e+001	
1.33422282e-001	9.63308872e+001	
1.36090727e-001	9.62575050e+001	
1.38759173e-001	9.61841227e+001	
1.41427618e-001	9.61107405e+001	
1.44096064e-001	9.60373582e+001	
1.46764510e-001	9.59639759e+001	
1.49432955e-001	9.58905937e+001	
1.52101401e-001	9.58172114e+001	
1.54769847e-001	9.57438292e+001	
1.57438292e-001	9.56704469e+001	
1.60106738e-001	9.55970647e+001	
1.62775183e-001	9.55236824e+001	
1.65443629e-001	9.54503001e+001	
1.68112075e-001	9.53769179e+001	
1.70780520e-001	9.53035356e+001	
1.73448966e-001	9.52301534e+001	
1.76117412e-001	9.51567711e+001	
1.78785857e-001	9.50833888e+001	
1.81454303e-001	9.50100066e+001	
1.84122748e-001	9.49366243e+001	
1.86791194e-001	9.48632421e+001	
1.89459640e-001	9.47898598e+001	
1.92128085e-001	9.47164775e+001	
1.94796531e-001	9.46430953e+001	
1.97464977e-001	9.45697130e+001	
2.00133422e-001	9.44963308e+001	
2.02801868e-001	9.44229485e+001	
2.05470314e-001	9.43495662e+001	
2.08138759e-001	9.42761840e+001	
2.10807205e-001	9.42028017e+001	
2.13475650e-001	9.41294195e+001	
2.16144096e-001	9.40560372e+001	
2.18812542e-001	9.39826549e+001	
2.21480987e-001	9.39092727e+001	
2.24149433e-001	9.38358904e+001	
2.26817879e-001	9.37625082e+001	
2.29486324e-001	9.36891259e+001	
2.32154770e-001	9.36157436e+001	
2.34823215e-001	9.35423614e+001	
2.37491661e-001	9.34689791e+001	
2.40160107e-001	9.33955969e+001	
2.42828552e-001	9.33222146e+001	
2.45496998e-001	9.32488323e+001	
2.48165444e-001	9.31754501e+001	
2.50833889e-001	9.31020678e+001	
2.53502335e-001	9.30286856e+001	
2.56170781e-001	9.29553033e+001	
2.58839226e-001	9.28819210e+001	
2.61507672e-001	9.28085388e+001	
2.64176117e-001	9.27351565e+001	
2.66844563e-001	9.26617743e+001	
2.69513009e-001	9.25883920e+001	
2.72181454e-001	9.25150097e+001	
2.74849900e-001	9.24416275e+001	
2.77518346e-001	9.23682452e+001	
2.80186791e-001	9.22948630e+001	
2.82855237e-001	9.22214807e+001	
2.85523682e-001	9.21480985e+001	
2.88192128e-001	9.20747162e+001	
2.90860574e-001	9.20013339e+001	
2.93529019e-001	9.19279517e+001	
2.96197465e-001	9.18545694e+001	
2.98865911e-001	9.17811872e+001	
3.01534356e-001	9.17078049e+001	
3.04202802e-001	9.16344226e+001	
3.06871247e-001	9.15610404e+001	
3.09539693e-001	9.14876581e+001	
3.12208139e-001	9.14142759e+001	
3.14876584e-001	9.13408936e+001	
3.17545030e-001	9.12675114e+001	
3.20213476e-001	9.11941291e+001	
3.22881921e-001	9.11207469e+001	
3.25550367e-001	9.10473646e+001	
3.28218813e-001	9.09739824e+001	
3.30887258e-001	9.09006001e+001	
3.33555704e-001	9.08272179e+001	
3.36224149e-001	9.07538356e+001	
3.38892595e-001	9.06804534e+001	
3.41561041e-001	9.06070711e+001	
3.44229486e-001	9.05336889e+001	
3.46897932e-001	9.04603066e+001	
3.49566378e-001	9.03869244e+001	
3.52234823e-001	9.03135421e+001	
3.54903269e-001	9.02401599e+001	
3.57571714e-001	9.01667776e+001	
3.60240160e-001	9.00933954e+001	
3.62908606e-001	9.00200131e+001	
3.65577051e-001	8.99466309e+001	
3.68245497e-001	8.98732486e+001	
3.70913943e-001	8.97998664e+001	
3.73582388e-001	8.97264841e+001	
3.76250834e-001	8.96531019e+001	
3.78919280e-001	8.95797196e+001	
3.81587725e-001	8.95063374e+001	
3.84256171e-001	8.94329551e+001	
3.86924616e-001	8.93595729e+001	
3.89593062e-001	8.92861906e+001	
3.92261508e-001	8.92128083e+001	
3.94929953e-001	8.91394261e+001	
3.97598399e-001	8.90660438e+001	
4.00266845e-001	8.89926616e+001	
4.02935290e-001	8.89192793e+001	
4.05603736e-001	8.88458971e+001	
4.08272181e-001	8.87725148e+001	
4.10940627e-001	8.86991326e+001	
4.13609073e-001	8.86257503e+001	
4.16277518e-001	8.85523681e+001	
4.18945964e-001	8.84789858e+001	
4.21614410e-001	8.84056036e+001	
4.24282855e-001	8.83322213e+001	
4.26951301e-001	8.82588391e+001	
4.29619746e-001	8.81854568e+001	
4.32288192e-001	8.81120746e+001	
4.34956638e-001	8.80386923e+001	
4.37625083e-001	8.79653101e+001	
4.40293529e-001	8.78919278e+001	
4.42961975e-001	8.78185456e+001	
4.45630420e-001	8.77451633e+001	
4.48298866e-001	8.76717811e+001	
4.50967312e-001	8.75983988e+001	
4.53635757e-001	8.75250166e+001	
4.56304203e-001	8.74516343e+001	
4.58972648e-001	8.73782521e+001	
4.61641094e-001	8.73048698e+001	
4.64309540e-001	8.72314876e+001	
4.66977985e-001	8.71581053e+001	
4.69646431e-001	8.70847231e+001	
4.72314877e-001	8.70113408e+001	
4.74983322e-001	8.69379586e+001	
4.77651768e-001	8.68645763e+001	
4.80320213e-001	8.67911941e+001	
4.82988659e-001	8.67178118e+001	
4.85657105e-001	8.66444296e+001	
4.88325550e-001	8.65710473e+001	
4.90993996e-001	8.64976651e+001	
4.93662442e-001	8.64242828e+001	
4.96330887e-001	8.63509006e+001	
4.98999333e-001	8.62775183e+001	
5.01667779e-001	8.62041360e+001	
5.04336224e-001	8.61307538e+001	
5.07004670e-001	8.60573715e+001	
5.09673115e-001	8.59839893e+001	
5.12341561e-001	8.59106070e+001	
5.15010007e-001	8.58372248e+001	
5.17678452e-001	8.57638425e+001	
5.20346898e-001	8.56904603e+001	
5.23015344e-001	8.56170780e+001	
5.25683789e-001	8.55436958e+001	
5.28352235e-001	8.54703135e+001	
5.31020680e-001	8.53969313e+001	
5.33689126e-001	8.53235490e+001	
5.36357572e-001	8.52501668e+001	
5.39026017e-001	8.51767845e+001	
5.41694463e-001	8.51034023e+001	
5.44362909e-001	8.50300200e+001	
5.47031354e-001	8.49566378e+001	
5.49699800e-001	8.48832555e+001	
5.52368245e-001	8.48098733e+001	
5.55036691e-001	8.47364910e+001	
5.57705137e-001	8.46631087e+001	
5.60373582e-001	8.45897265e+001	
5.63042028e-001	8.45163442e+001	
5.65710474e-001	8.44429620e+001	
5.68378919e-001	8.43695797e+001	
5.71047365e-001	8.42961975e+001	
5.73715811e-001	8.42228152e+001	
5.76384256e-001	8.41494329e+001	
5.79052702e-001	8.40760507e+001	
5.81721147e-001	8.40026684e+001	
5.84389593e-001	8.39292862e+001	
5.87058039e-001	8.38559039e+001	
5.89726484e-001	8.37825217e+001	
5.92394930e-001	8.37091394e+001	
5.95063376e-001	8.36357572e+001	
5.97731821e-001	8.35623749e+001	
6.00400267e-001	8.34889926e+001	
6.03068712e-001	8.34156104e+001	
6.05737158e-001	8.33422281e+001	
6.08405604e-001	8.32688459e+001	
6.11074049e-001	8.31954636e+001	
6.13742495e-001	8.31220814e+001	
6.16410941e-001	8.30486991e+001	
6.19079386e-001	8.29753168e+001	
6.21747832e-001	8.29019346e+001	
6.24416278e-001	8.28285523e+001	
6.27084723e-001	8.27551701e+001	
6.29753169e-001	8.26817878e+001	
6.32421614e-001	8.26084056e+001	
6.35090060e-001	8.25350233e+001	
6.37758506e-001	8.24616410e+001	
6.40426951e-001	8.23882588e+001	
6.43095397e-001	8.23148765e+001	
6.45763843e-001	8.22414943e+001	
6.48432288e-001	8.21681120e+001	
6.51100734e-001	8.20947298e+001	
6.53769179e-001	8.20213475e+001	
6.56437625e-001	8.19479652e+001	
6.59106071e-001	8.18745830e+001	
6.61774516e-001	8.18012007e+001	
6.64442962e-001	8.17278185e+001	
6.67111408e-001	8.16544362e+001	
6.69779853e-001	8.15810540e+001	
6.72448299e-001	8.15076717e+001	
6.75116744e-001	8.14342894e+001	
6.77785190e-001	8.13609072e+001	
6.80453636e-001	8.12875249e+001	
6.83122081e-001	8.12141427e+001	
6.85790527e-001	8.11407604e+001	
6.88458973e-001	8.10673782e+001	
6.91127418e-001	8.09939959e+001	
6.93795864e-001	8.09206137e+001	
6.96464310e-001	8.08472314e+001	
6.99132755e-001	8.07738491e+001	
7.01801201e-001	8.07004669e+001	
7.04469646e-001	8.06270846e+001	
7.07138092e-001	8.05537024e+001	
7.09806538e-001	8.04803201e+001	
7.12474983e-001	8.04069379e+001	
7.15143429e-001	8.03335556e+001	
7.17811875e-001	8.02601733e+001	
7.20480320e-001	8.01867911e+001	
7.23148766e-001	8.01134088e+001	
7.25817211e-001	8.00400266e+001	
7.28485657e-001	7.99666443e+001	
7.31154103e-001	7.98932621e+001	
7.33822548e-001	7.98198798e+001	
7.36490994e-001	7.97464975e+001	
7.39159440e-001	7.96731153e+001	
7.41827885e-001	7.95997330e+001	
7.44496331e-001	7.95263508e+001	
7.47164777e-001	7.94529685e+001	
7.49833222e-001	7.93795863e+001	
7.52501668e-001	7.93062040e+001	
7.55170113e-001	7.92328217e+001	
7.57838559e-001	7.91594395e+001	
7.60507005e-001	7.90860572e+001	
7.63175450e-001	7.90126750e+001	
7.65843896e-001	7.89392927e+001	
7.68512342e-001	7.88659105e+001	
7.71180787e-001	7.87925282e+001	
7.73849233e-001	7.87191460e+001	
7.76517678e-001	7.86457637e+001	
7.79186124e-001	7.85723814e+001	
7.81854570e-001	7.84989992e+001	
7.84523015e-001	7.84256169e+001	
7.87191461e-001	7.83522347e+001	
7.89859907e-001	7.82788524e+001	
7.92528352e-001	7.82054702e+001	
7.95196798e-001	7.81320879e+001	
7.97865243e-001	7.80587056e+001	
8.00533689e-001	7.79853234e+001	
8.03202135e-001	7.79119411e+001	
8.05870580e-001	7.78385589e+001	
8.08539026e-001	7.77651766e+001	
8.11207472e-001	7.76917944e+001	
8.13875917e-001	7.76184121e+001	
8.16544363e-001	7.75450298e+001	
8.19212809e-001	7.74716476e+001	
8.21881254e-001	7.73982653e+001	
8.24549700e-001	7.73248831e+001	
8.27218145e-001	7.72515008e+001	
8.29886591e-001	7.71781186e+001	
8.32555037e-001	7.71047363e+001	
8.35223482e-001	7.70313540e+001	
8.37891928e-001	7.69579718e+001	
8.40560374e-001	7.68845895e+001	
8.43228819e-001	7.68112073e+001	
8.45897265e-001	7.67378250e+001	
8.48565710e-001	7.66644428e+001	
8.51234156e-001	7.65910605e+001	
8.53902602e-001	7.65176782e+001	
8.56571047e-001	7.64442960e+001	
8.59239493e-001	7.63709137e+001	
8.61907939e-001	7.62975315e+001	
8.64576384e-001	7.62241492e+001	
8.67244830e-001	7.61507670e+001	
8.69913276e-001	7.60773847e+001	
8.72581721e-001	7.60040025e+001	
8.75250167e-001	7.59306202e+001	
8.77918612e-001	7.58572379e+001	
8.80587058e-001	7.57838557e+001	
8.83255504e-001	7.57104734e+001	
8.85923949e-001	7.56370912e+001	
8.88592395e-001	7.55637089e+001	
8.91260841e-001	7.54903267e+001	
8.93929286e-001	7.54169444e+001	
8.96597732e-001	7.53435621e+001	
8.99266177e-001	7.52701799e+001	
9.01934623e-001	7.51967976e+001	
9.04603069e-001	7.51234154e+001	
9.07271514e-001	7.50500331e+001	
9.09939960e-001	7.49766509e+001	
9.12608406e-001	7.49032686e+001	
9.15276851e-001	7.48298863e+001	
9.17945297e-001	7.47565041e+001	
9.20613742e-001	7.46831218e+001	
9.23282188e-001	7.46097396e+001	
9.25950634e-001	7.45363573e+001	
9.28619079e-001	7.44629751e+001	
9.31287525e-001	7.43895928e+001	
9.33955971e-001	7.43162105e+001	
9.36624416e-001	7.42428283e+001	
9.39292862e-001	7.41694460e+001	
9.41961308e-001	7.40960638e+001	
9.44629753e-001	7.40226815e+001	
9.47298199e-001	7.39492993e+001	
9.49966644e-001	7.38759170e+001	
9.52635090e-001	7.38025347e+001	
9.55303536e-001	7.37291525e+001	
9.57971981e-001	7.36557702e+001	
9.60640427e-001	7.35823880e+001	
9.63308873e-001	7.35090057e+001	
9.65977318e-001	7.34356235e+001	
9.68645764e-001	7.33622412e+001	
9.71314209e-001	7.32888590e+001	
9.73982655e-001	7.32154767e+001	
9.76651101e-001	7.31420944e+001	
9.79319546e-001	7.30687122e+001	
9.81987992e-001	7.29953299e+001	
9.84656438e-001	7.29219477e+001	
9.87324883e-001	7.28485654e+001	
9.89993329e-001	7.27751832e+001	
9.92661775e-001	7.27018009e+001	
9.95330220e-001	7.26284186e+001	
9.97998666e-001	7.25550364e+001	
1.00066711e+000	7.24816541e+001	
1.00333556e+000	7.24082719e+001	
1.00600400e+000	7.23348896e+001	
1.00867245e+000	7.22615074e+001	
1.01134089e+000	7.21881251e+001	
1.01400934e+000	7.21147428e+001	
1.01667779e+000	7.20413606e+001	
1.01934623e+000	7.19679783e+001	
1.02201468e+000	7.18945961e+001	
1.02468312e+000	7.18212138e+001	
1.02735157e+000	7.17478316e+001	
1.03002001e+000	7.16744493e+001	
1.03268846e+000	7.16010670e+001	
1.03535690e+000	7.15276848e+001	
1.03802535e+000	7.14543025e+001	
1.04069380e+000	7.13809203e+001	
1.04336224e+000	7.13075380e+001	
1.04603069e+000	7.12341558e+001	
1.04869913e+000	7.11607735e+001	
1.05136758e+000	7.10873913e+001	
1.05403602e+000	7.10140090e+001	
1.05670447e+000	7.09406268e+001	
1.05937292e+000	7.08672445e+001	
1.06204136e+000	7.07938622e+001	
1.06470981e+000	7.07204800e+001	
1.06737825e+000	7.06470977e+001	
1.07004670e+000	7.05737155e+001	
1.07271514e+000	7.05003332e+001	
1.07538359e+000	7.04269510e+001	
1.07805203e+000	7.03535687e+001	
1.08072048e+000	7.02801865e+001	
1.08338893e+000	7.02068042e+001	
1.08605737e+000	7.01334220e+001	
1.08872582e+000	7.00600397e+001	
1.09139426e+000	6.99866574e+001	
1.09406271e+000	6.99132752e+001	
1.09673115e+000	6.98398929e+001	
1.09939960e+000	6.97665107e+001	
1.10206805e+000	6.96931284e+001	
1.10473649e+000	6.96197462e+001	
1.10740494e+000	6.95463639e+001	
1.11007338e+000	6.94729817e+001	
1.11274183e+000	6.93995994e+001	
1.11541027e+000	6.93262172e+001	
1.11807872e+000	6.92528349e+001	
1.12074716e+000	6.91794527e+001	
1.12341561e+000	6.91060704e+001	
1.12608406e+000	6.90326881e+001	
1.12875250e+000	6.89593059e+001	
1.13142095e+000	6.88859236e+001	
1.13408939e+000	6.88125414e+001	
1.13675784e+000	6.87391591e+001	
1.13942628e+000	6.86657769e+001	
1.14209473e+000	6.85923946e+001	
1.14476318e+000	6.85190124e+001	
1.14743162e+000	6.84456301e+001	
1.15010007e+000	6.83722479e+001	
1.15276851e+000	6.82988656e+001	
1.15543696e+000	6.82254833e+001	
1.15810540e+000	6.81521011e+001	
1.16077385e+000	6.80787188e+001	
1.16344229e+000	6.80053366e+001	
1.16611074e+000	6.79319543e+001	
1.16877919e+000	6.78585721e+001	
1.17144763e+000	6.77851898e+001	
1.17411608e+000	6.77118076e+001	
1.17678452e+000	6.76384253e+001	
1.17945297e+000	6.75650431e+001	
1.18212141e+000	6.74916608e+001	
1.18478986e+000	6.74182785e+001	
1.18745831e+000	6.73448963e+001	
1.19012675e+000	6.72715140e+001	
1.19279520e+000	6.71981318e+001	
1.19546364e+000	6.71247495e+001	
1.19813209e+000	6.70513673e+001	
1.20080053e+000	6.69779850e+001	
1.20346898e+000	6.69046028e+001	
1.20613742e+000	6.68312205e+001	
1.20880587e+000	6.67578383e+001	
1.21147432e+000	6.66844560e+001	
1.21414276e+000	6.66110737e+001	
1.21681121e+000	6.65376915e+001	
1.21947965e+000	6.64643092e+001	
1.22214810e+000	6.63909270e+001	
1.22481654e+000	6.63175447e+001	
1.22748499e+000	6.62441625e+001	
1.23015344e+000	6.61707802e+001	
1.23282188e+000	6.60973980e+001	
1.23549033e+000	6.60240157e+001	
1.23815877e+000	6.59506335e+001	
1.24082722e+000	6.58772512e+001	
1.24349566e+000	6.58038689e+001	
1.24616411e+000	6.57304867e+001	
1.24883256e+000	6.56571044e+001	
1.25150100e+000	6.55837222e+001	
1.25416945e+000	6.55103399e+001	
1.25683789e+000	6.54369577e+001	
1.25950634e+000	6.53635754e+001	
1.26217478e+000	6.52901932e+001	
1.26484323e+000	6.52168109e+001	
1.26751167e+000	6.51434287e+001	
1.27018012e+000	6.50700464e+001	
1.27284857e+000	6.49966641e+001	
1.27551701e+000	6.49232819e+001	
1.27818546e+000	6.48498996e+001	
1.28085390e+000	6.47765174e+001	
1.28352235e+000	6.47031351e+001	
1.28619079e+000	6.46297529e+001	
1.28885924e+000	6.45563706e+001	
1.29152769e+000	6.44829884e+001	
1.29419613e+000	6.44096061e+001	
1.29686458e+000	6.43362239e+001	
1.29953302e+000	6.42628416e+001	
1.30220147e+000	6.41894593e+001	
1.30486991e+000	6.41160771e+001	
1.30753836e+000	6.40426948e+001	
1.31020680e+000	6.39693126e+001	
1.31287525e+000	6.38959303e+001	
1.31554370e+000	6.38225481e+001	
1.31821214e+000	6.37491658e+001	
1.32088059e+000	6.36757836e+001	
1.32354903e+000	6.36024013e+001	
1.32621748e+000	6.35290191e+001	
1.32888592e+000	6.34556368e+001	
1.33155437e+000	6.33822545e+001	
1.33422282e+000	6.33088723e+001	
1.33689126e+000	6.32354900e+001	
1.33955971e+000	6.31621078e+001	
1.34222815e+000	6.30887255e+001	
1.34489660e+000	6.30153433e+001	
1.34756504e+000	6.29419610e+001	
1.35023349e+000	6.28685788e+001	
1.35290193e+000	6.27951965e+001	
1.35557038e+000	6.27218143e+001	
1.35823883e+000	6.26484320e+001	
1.36090727e+000	6.25750497e+001	
1.36357572e+000	6.25016675e+001	
1.36624416e+000	6.24282852e+001	
1.36891261e+000	6.23549030e+001	
1.37158105e+000	6.22815207e+001	
1.37424950e+000	6.22081385e+001	
1.37691795e+000	6.21347562e+001	
1.37958639e+000	6.20613740e+001	
1.38225484e+000	6.19879917e+001	
1.38492328e+000	6.19146095e+001	
1.38759173e+000	6.18412272e+001	
1.39026017e+000	6.17678449e+001	
1.39292862e+000	6.16944627e+001	
1.39559706e+000	6.16210804e+001	
1.39826551e+000	6.15476982e+001	
1.40093396e+000	6.14743159e+001	
1.40360240e+000	6.14009337e+001	
1.40627085e+000	6.13275514e+001	
1.40893929e+000	6.12541692e+001	
1.41160774e+000	6.11807869e+001	
1.41427618e+000	6.11074047e+001	
1.41694463e+000	6.10340224e+001	
1.41961308e+000	6.09606401e+001	
1.42228152e+000	6.08872579e+001	
1.42494997e+000	6.08138756e+001	
1.42761841e+000	6.07404934e+001	
1.43028686e+000	6.06671111e+001	
1.43295530e+000	6.05937289e+001	
1.43562375e+000	6.05203466e+001	
1.43829219e+000	6.04469644e+001	
1.44096064e+000	6.03735821e+001	
1.44362909e+000	6.03001999e+001	
1.44629753e+000	6.02268176e+001	
1.44896598e+000	6.01534353e+001	
1.45163442e+000	6.00800531e+001	
1.45430287e+000	6.00066708e+001	
1.45697131e+000	5.99332886e+001	
1.45963976e+000	5.98599063e+001	
1.46230821e+000	5.97865241e+001	
1.46497665e+000	5.97131418e+001	
1.46764510e+000	5.96397596e+001	
1.47031354e+000	5.95663773e+001	
1.47298199e+000	5.94929951e+001	
1.47565043e+000	5.94196128e+001	
1.47831888e+000	5.93462305e+001	
1.48098732e+000	5.92728483e+001	
1.48365577e+000	5.91994660e+001	
1.48632422e+000	5.91260838e+001	
1.48899266e+000	5.90527015e+001	
1.49166111e+000	5.89793193e+001	
1.49432955e+000	5.89059370e+001	
1.49699800e+000	5.88325548e+001	
1.49966644e+000	5.87591725e+001	
1.50233489e+000	5.86857903e+001	
1.50500334e+000	5.86124080e+001	
1.50767178e+000	5.85390258e+001	
1.51034023e+000	5.84656435e+001	
1.51300867e+000	5.83922612e+001	
1.51567712e+000	5.83188790e+001	
1.51834556e+000	5.82454967e+001	
1.52101401e+000	5.81721145e+001	
1.52368245e+000	5.80987322e+001	
1.52635090e+000	5.80253500e+001	
1.52901935e+000	5.79519677e+001	
1.53168779e+000	5.78785854e+001	
1.53435624e+000	5.78052032e+001	
1.53702468e+000	5.77318209e+001	
1.53969313e+000	5.76584387e+001	
1.54236157e+000	5.75850564e+001	
1.54503002e+000	5.75116742e+001	
1.54769847e+000	5.74382919e+001	
1.55036691e+000	5.73649097e+001	
1.55303536e+000	5.72915274e+001	
1.55570380e+000	5.72181451e+001	
1.55837225e+000	5.71447629e+001	
1.56104069e+000	5.70713806e+001	
1.56370914e+000	5.69979984e+001	
1.56637759e+000	5.69246161e+001	
1.56904603e+000	5.68512339e+001	
1.57171448e+000	5.67778516e+001	
1.57438292e+000	5.67044694e+001	
1.57705137e+000	5.66310871e+001	
1.57971981e+000	5.65577048e+001	
1.58238826e+000	5.64843226e+001	
1.58505670e+000	5.64109403e+001	
1.58772515e+000	5.63375581e+001	
1.59039360e+000	5.62641758e+001	
1.59306204e+000	5.61907936e+001	
1.59573049e+000	5.61174113e+001	
1.59839893e+000	5.60440290e+001	
1.60106738e+000	5.59706468e+001	
1.60373582e+000	5.58972645e+001	
1.60640427e+000	5.58238823e+001	
1.60907272e+000	5.57505000e+001	
1.61174116e+000	5.56771178e+001	
1.61440961e+000	5.56037355e+001	
1.61707805e+000	5.55303533e+001	
1.61974650e+000	5.54569710e+001	
1.62241494e+000	5.53835887e+001	
1.62508339e+000	5.53102065e+001	
1.62775183e+000	5.52368242e+001	
1.63042028e+000	5.51634420e+001	
1.63308873e+000	5.50900597e+001	
1.63575717e+000	5.50166775e+001	
1.63842562e+000	5.49432952e+001	
1.64109406e+000	5.48699129e+001	
1.64376251e+000	5.47965307e+001	
1.64643095e+000	5.47231484e+001	
1.64909940e+000	5.46497662e+001	
1.65176785e+000	5.45763839e+001	
1.65443629e+000	5.45030017e+001	
1.65710474e+000	5.44296194e+001	
1.65977318e+000	5.43562372e+001	
1.66244163e+000	5.42828549e+001	
1.66511007e+000	5.42094726e+001	
1.66777852e+000	5.41360904e+001	
1.67044696e+000	5.40627081e+001	
1.67311541e+000	5.39893259e+001	
1.67578386e+000	5.39159436e+001	
1.67845230e+000	5.38425614e+001	
1.68112075e+000	5.37691791e+001	
1.68378919e+000	5.36957968e+001	
1.68645764e+000	5.36224146e+001	
1.68912608e+000	5.35490323e+001	
1.69179453e+000	5.34756501e+001	
1.69446298e+000	5.34022678e+001	
1.69713142e+000	5.33288856e+001	
1.69979987e+000	5.32555033e+001	
1.70246831e+000	5.31821211e+001	
1.70513676e+000	5.31087388e+001	
1.70780520e+000	5.30353565e+001	
1.71047365e+000	5.29619743e+001	
1.71314209e+000	5.28885920e+001	
1.71581054e+000	5.28152098e+001	
1.71847899e+000	5.27418275e+001	
1.72114743e+000	5.26684453e+001	
1.72381588e+000	5.25950630e+001	
1.72648432e+000	5.25216807e+001	
1.72915277e+000	5.24482985e+001	
1.73182121e+000	5.23749162e+001	
1.73448966e+000	5.23015340e+001	
1.73715811e+000	5.22281517e+001	
1.73982655e+000	5.21547695e+001	
1.74249500e+000	5.20813872e+001	
1.74516344e+000	5.20080050e+001	
1.74783189e+000	5.19346227e+001	
1.75050033e+000	5.18612404e+001	
1.75316878e+000	5.17878582e+001	
1.75583722e+000	5.17144759e+001	
1.75850567e+000	5.16410937e+001	
1.76117412e+000	5.15677114e+001	
1.76384256e+000	5.14943292e+001	
1.76651101e+000	5.14209469e+001	
1.76917945e+000	5.13475647e+001	
1.77184790e+000	5.12741824e+001	
1.77451634e+000	5.12008001e+001	
1.77718479e+000	5.11274179e+001	
1.77985324e+000	5.10540356e+001	
1.78252168e+000	5.09806534e+001	
1.78519013e+000	5.09072711e+001	
1.78785857e+000	5.08338889e+001	
1.79052702e+000	5.07605066e+001	
1.79319546e+000	5.06871243e+001	
1.79586391e+000	5.06137421e+001	
1.79853235e+000	5.05403598e+001	
1.80120080e+000	5.04669776e+001	
1.80386925e+000	5.03935953e+001	
1.80653769e+000	5.03202131e+001	
1.80920614e+000	5.02468308e+001	
1.81187458e+000	5.01734486e+001	
1.81454303e+000	5.01000663e+001	
1.81721147e+000	5.00266840e+001	
1.81987992e+000	4.99533018e+001	
1.82254837e+000	4.98799195e+001	
1.82521681e+000	4.98065373e+001	
1.82788526e+000	4.97331550e+001	
1.83055370e+000	4.96597728e+001	
1.83322215e+000	4.95863905e+001	
1.83589059e+000	4.95130082e+001	
1.83855904e+000	4.94396260e+001	
1.84122748e+000	4.93662437e+001	
1.84389593e+000	4.92928615e+001	
1.84656438e+000	4.92194792e+001	
1.84923282e+000	4.91460970e+001	
1.85190127e+000	4.90727147e+001	
1.85456971e+000	4.89993325e+001	
1.85723816e+000	4.89259502e+001	
1.85990660e+000	4.88525679e+001	
1.86257505e+000	4.87791857e+001	
1.86524350e+000	4.87058034e+001	
1.86791194e+000	4.86324212e+001	
1.87058039e+000	4.85590389e+001	
1.87324883e+000	4.84856567e+001	
1.87591728e+000	4.84122744e+001	
1.87858572e+000	4.83388921e+001	
1.88125417e+000	4.82655099e+001	
1.88392262e+000	4.81921276e+001	
1.88659106e+000	4.81187454e+001	
1.88925951e+000	4.80453631e+001	
1.89192795e+000	4.79719809e+001	
1.89459640e+000	4.78985986e+001	
1.89726484e+000	4.78252164e+001	
1.89993329e+000	4.77518341e+001	
1.90260173e+000	4.76784518e+001	
1.90527018e+000	4.76050696e+001	
1.90793863e+000	4.75316873e+001	
1.91060707e+000	4.74583051e+001	
1.91327552e+000	4.73849228e+001	
1.91594396e+000	4.73115406e+001	
1.91861241e+000	4.72381583e+001	
1.92128085e+000	4.71647760e+001	
1.92394930e+000	4.70913938e+001	
1.92661775e+000	4.70180115e+001	
1.92928619e+000	4.69446293e+001	
1.93195464e+000	4.68712470e+001	
1.93462308e+000	4.67978648e+001	
1.93729153e+000	4.67244825e+001	
1.93995997e+000	4.66511003e+001	
1.94262842e+000	4.65777180e+001	
1.94529686e+000	4.65043357e+001	
1.94796531e+000	4.64309535e+001	
1.95063376e+000	4.63575712e+001	
1.95330220e+000	4.62841890e+001	
1.95597065e+000	4.62108067e+001	
1.95863909e+000	4.61374245e+001	
1.96130754e+000	4.60640422e+001	
1.96397598e+000	4.59906600e+001	
1.96664443e+000	4.59172777e+001	
1.96931288e+000	4.58438954e+001	
1.97198132e+000	4.57705132e+001	
1.97464977e+000	4.56971309e+001	
1.97731821e+000	4.56237487e+001	
1.97998666e+000	4.55503664e+001	
1.98265510e+000	4.54769842e+001	
1.98532355e+000	4.54036019e+001	
1.98799199e+000	4.53302196e+001	
1.99066044e+000	4.52568374e+001	
1.99332889e+000	4.51834551e+001	
1.99599733e+000	4.51100729e+001	
1.99866578e+000	4.50366906e+001	
2.00133422e+000	4.49633084e+001	
2.00400267e+000	4.48899261e+001	
2.00667111e+000	4.48165439e+001	
2.00933956e+000	4.47431616e+001	
2.01200801e+000	4.46697794e+001	
2.01467645e+000	4.45963971e+001	
2.01734490e+000	4.45230148e+001	
2.02001334e+000	4.44496326e+001	
2.02268179e+000	4.43762503e+001	
2.02535023e+000	4.43028681e+001	
2.02801868e+000	4.42294858e+001	
2.03068712e+000	4.41561036e+001	
2.03335557e+000	4.40827213e+001	
2.03602402e+000	4.40093391e+001	
2.03869246e+000	4.39359568e+001	
2.04136091e+000	4.38625746e+001	
2.04402935e+000	4.37891923e+001	
2.04669780e+000	4.37158101e+001	
2.04936624e+000	4.36424278e+001	
2.05203469e+000	4.35690456e+001	
2.05470314e+000	4.34956633e+001	
2.05737158e+000	4.34222811e+001	
2.06004003e+000	4.33488988e+001	
2.06270847e+000	4.32755166e+001	
2.06537692e+000	4.32021343e+001	
2.06804536e+000	4.31287521e+001	
2.07071381e+000	4.30553698e+001	
2.07338225e+000	4.29819875e+001	
2.07605070e+000	4.29086053e+001	
2.07871915e+000	4.28352230e+001	
2.08138759e+000	4.27618408e+001	
2.08405604e+000	4.26884585e+001	
2.08672448e+000	4.26150763e+001	
2.08939293e+000	4.25416940e+001	
2.09206137e+000	4.24683118e+001	
2.09472982e+000	4.23949295e+001	
2.09739827e+000	4.23215473e+001	
2.10006671e+000	4.22481650e+001	
2.10273516e+000	4.21747828e+001	
2.10540360e+000	4.21014005e+001	
2.10807205e+000	4.20280183e+001	
2.11074049e+000	4.19546360e+001	
2.11340894e+000	4.18812538e+001	
2.11607738e+000	4.18078715e+001	
2.11874583e+000	4.17344893e+001	
2.12141428e+000	4.16611070e+001	
2.12408272e+000	4.15877247e+001	
2.12675117e+000	4.15143425e+001	
2.12941961e+000	4.14409602e+001	
2.13208806e+000	4.13675780e+001	
2.13475650e+000	4.12941957e+001	
2.13742495e+000	4.12208135e+001	
2.14009340e+000	4.11474312e+001	
2.14276184e+000	4.10740490e+001	
2.14543029e+000	4.10006667e+001	
2.14809873e+000	4.09272845e+001	
2.15076718e+000	4.08539022e+001	
2.15343562e+000	4.07805200e+001	
2.15610407e+000	4.07071377e+001	
2.15877252e+000	4.06337555e+001	
2.16144096e+000	4.05603732e+001	
2.16410941e+000	4.04869910e+001	
2.16677785e+000	4.04136087e+001	
2.16944630e+000	4.03402265e+001	
2.17211474e+000	4.02668442e+001	
2.17478319e+000	4.01934619e+001	
2.17745163e+000	4.01200797e+001	
2.18012008e+000	4.00466974e+001	
2.18278853e+000	3.99733152e+001	
2.18545697e+000	3.98999329e+001	
2.18812542e+000	3.98265507e+001	
2.19079386e+000	3.97531684e+001	
2.19346231e+000	3.96797862e+001	
2.19613075e+000	3.96064039e+001	
2.19879920e+000	3.95330217e+001	
2.20146765e+000	3.94596394e+001	
2.20413609e+000	3.93862572e+001	
2.20680454e+000	3.93128749e+001	
2.20947298e+000	3.92394927e+001	
2.21214143e+000	3.91661104e+001	
2.21480987e+000	3.90927282e+001	
2.21747832e+000	3.90193459e+001	
2.22014676e+000	3.89459637e+001	
2.22281521e+000	3.88725814e+001	
2.22548366e+000	3.87991991e+001	
2.22815210e+000	3.87258169e+001	
2.23082055e+000	3.86524346e+001	
2.23348899e+000	3.85790524e+001	
2.23615744e+000	3.85056701e+001	
2.23882588e+000	3.84322879e+001	
2.24149433e+000	3.83589056e+001	
2.24416278e+000	3.82855234e+001	
2.24683122e+000	3.82121411e+001	
2.24949967e+000	3.81387589e+001	
2.25216811e+000	3.80653766e+001	
2.25483656e+000	3.79919944e+001	
2.25750500e+000	3.79186121e+001	
2.26017345e+000	3.78452299e+001	
2.26284189e+000	3.77718476e+001	
2.26551034e+000	3.76984654e+001	
2.26817879e+000	3.76250831e+001	
2.27084723e+000	3.75517009e+001	
2.27351568e+000	3.74783186e+001	
2.27618412e+000	3.74049363e+001	
2.27885257e+000	3.73315541e+001	
2.28152101e+000	3.72581718e+001	
2.28418946e+000	3.71847896e+001	
2.28685791e+000	3.71114073e+001	
2.28952635e+000	3.70380251e+001	
2.29219480e+000	3.69646428e+001	
2.29486324e+000	3.68912606e+001	
2.29753169e+000	3.68178783e+001	
2.30020013e+000	3.67444961e+001	
2.30286858e+000	3.66711138e+001	
2.30553702e+000	3.65977316e+001	
2.30820547e+000	3.65243493e+001	
2.31087392e+000	3.64509671e+001	
2.31354236e+000	3.63775848e+001	
2.31621081e+000	3.63042026e+001	
2.31887925e+000	3.62308203e+001	
2.32154770e+000	3.61574381e+001	
2.32421614e+000	3.60840558e+001	
2.32688459e+000	3.60106735e+001	
2.32955304e+000	3.59372913e+001	
2.33222148e+000	3.58639090e+001	
2.33488993e+000	3.57905268e+001	
2.33755837e+000	3.57171445e+001	
2.34022682e+000	3.56437623e+001	
2.34289526e+000	3.55703800e+001	
2.34556371e+000	3.54969978e+001	
2.34823215e+000	3.54236155e+001	
2.35090060e+000	3.53502333e+001	
2.35356905e+000	3.52768510e+001	
2.35623749e+000	3.52034688e+001	
2.35890594e+000	3.51300865e+001	
2.36157438e+000	3.50567043e+001	
2.36424283e+000	3.49833220e+001	
2.36691127e+000	3.49099398e+001	
2.36957972e+000	3.48365575e+001	
2.37224817e+000	3.47631753e+001	
2.37491661e+000	3.46897930e+001	
2.37758506e+000	3.46164107e+001	
2.38025350e+000	3.45430285e+001	
2.38292195e+000	3.44696462e+001	
2.38559039e+000	3.43962640e+001	
2.38825884e+000	3.43228817e+001	
2.39092728e+000	3.42494995e+001	
2.39359573e+000	3.41761172e+001	
2.39626418e+000	3.41027350e+001	
2.39893262e+000	3.40293527e+001	
2.40160107e+000	3.39559705e+001	
2.40426951e+000	3.38825882e+001	
2.40693796e+000	3.38092060e+001	
2.40960640e+000	3.37358237e+001	
2.41227485e+000	3.36624415e+001	
2.41494330e+000	3.35890592e+001	
2.41761174e+000	3.35156770e+001	
2.42028019e+000	3.34422947e+001	
2.42294863e+000	3.33689125e+001	
2.42561708e+000	3.32955302e+001	
2.42828552e+000	3.32221479e+001	
2.43095397e+000	3.31487657e+001	
2.43362241e+000	3.30753834e+001	
2.43629086e+000	3.30020012e+001	
2.43895931e+000	3.29286189e+001	
2.44162775e+000	3.28552367e+001	
2.44429620e+000	3.27818544e+001	
2.44696464e+000	3.27084722e+001	
2.44963309e+000	3.26350899e+001	
2.45230153e+000	3.25617077e+001	
2.45496998e+000	3.24883254e+001	
2.45763843e+000	3.24149432e+001	
2.46030687e+000	3.23415609e+001	
2.46297532e+000	3.22681787e+001	
2.46564376e+000	3.21947964e+001	
2.46831221e+000	3.21214142e+001	
2.47098065e+000	3.20480319e+001	
2.47364910e+000	3.19746497e+001	
2.47631755e+000	3.19012674e+001	
2.47898599e+000	3.18278852e+001	
2.48165444e+000	3.17545029e+001	
2.48432288e+000	3.16811206e+001	
2.48699133e+000	3.16077384e+001	
2.48965977e+000	3.15343561e+001	
2.49232822e+000	3.14609739e+001	
2.49499666e+000	3.13875916e+001	
2.49766511e+000	3.13142094e+001	
2.50033356e+000	3.12408271e+001	
2.50300200e+000	3.11674449e+001	
2.50567045e+000	3.10940626e+001	
2.50833889e+000	3.10206803e+001	
2.51100734e+000	3.09472981e+001	
2.51367578e+000	3.08739158e+001	
2.51634423e+000	3.08005336e+001	
2.51901268e+000	3.07271513e+001	
2.52168112e+000	3.06537691e+001	
2.52434957e+000	3.05803868e+001	
2.52701801e+000	3.05070046e+001	
2.52968646e+000	3.04336223e+001	
2.53235490e+000	3.03602400e+001	
2.53502335e+000	3.02868578e+001	
2.53769179e+000	3.02134755e+001	
2.54036024e+000	3.01400933e+001	
2.54302869e+000	3.00667110e+001	
2.54569713e+000	2.99933288e+001	
2.54836558e+000	2.99199465e+001	
2.55103402e+000	2.98465643e+001	
2.55370247e+000	2.97731820e+001	
2.55637091e+000	2.96997998e+001	
2.55903936e+000	2.96264175e+001	
2.56170781e+000	2.95530352e+001	
2.56437625e+000	2.94796530e+001	
2.56704470e+000	2.94062707e+001	
2.56971314e+000	2.93328885e+001	
2.57238159e+000	2.92595062e+001	
2.57505003e+000	2.91861240e+001	
2.57771848e+000	2.91127417e+001	
2.58038692e+000	2.90393595e+001	
2.58305537e+000	2.89659772e+001	
2.58572382e+000	2.88925949e+001	
2.58839226e+000	2.88192127e+001	
2.59106071e+000	2.87458304e+001	
2.59372915e+000	2.86724482e+001	
2.59639760e+000	2.85990659e+001	
2.59906604e+000	2.85256837e+001	
2.60173449e+000	2.84523014e+001	
2.60440294e+000	2.83789192e+001	
2.60707138e+000	2.83055369e+001	
2.60973983e+000	2.82321546e+001	
2.61240827e+000	2.81587724e+001	
2.61507672e+000	2.80853901e+001	
2.61774516e+000	2.80120079e+001	
2.62041361e+000	2.79386256e+001	
2.62308205e+000	2.78652434e+001	
2.62575050e+000	2.77918611e+001	
2.62841895e+000	2.77184789e+001	
2.63108739e+000	2.76450966e+001	
2.63375584e+000	2.75717143e+001	
2.63642428e+000	2.74983321e+001	
2.63909273e+000	2.74249498e+001	
2.64176117e+000	2.73515676e+001	
2.64442962e+000	2.72781853e+001	
2.64709807e+000	2.72048031e+001	
2.64976651e+000	2.71314208e+001	
2.65243496e+000	2.70580386e+001	
2.65510340e+000	2.69846563e+001	
2.65777185e+000	2.69112740e+001	
2.66044029e+000	2.68378918e+001	
2.66310874e+000	2.67645095e+001	
2.66577718e+000	2.66911273e+001	
2.66844563e+000	2.66177450e+001	
2.67111408e+000	2.65443628e+001	
2.67378252e+000	2.64709805e+001	
2.67645097e+000	2.63975983e+001	
2.67911941e+000	2.63242160e+001	
2.68178786e+000	2.62508337e+001	
2.68445630e+000	2.61774515e+001	
2.68712475e+000	2.61040692e+001	
2.68979320e+000	2.60306870e+001	
2.69246164e+000	2.59573047e+001	
2.69513009e+000	2.58839225e+001	
2.69779853e+000	2.58105402e+001	
2.70046698e+000	2.57371580e+001	
2.70313542e+000	2.56637757e+001	
2.70580387e+000	2.55903934e+001	
2.70847231e+000	2.55170112e+001	
2.71114076e+000	2.54436289e+001	
2.71380921e+000	2.53702467e+001	
2.71647765e+000	2.52968644e+001	
2.71914610e+000	2.52234822e+001	
2.72181454e+000	2.51500999e+001	
2.72448299e+000	2.50767177e+001	
2.72715143e+000	2.50033354e+001	
2.72981988e+000	2.49299531e+001	
2.73248833e+000	2.48565709e+001	
2.73515677e+000	2.47831886e+001	
2.73782522e+000	2.47098064e+001	
2.74049366e+000	2.46364241e+001	
2.74316211e+000	2.45630419e+001	
2.74583055e+000	2.44896596e+001	
2.74849900e+000	2.44162774e+001	
2.75116744e+000	2.43428951e+001	
2.75383589e+000	2.42695129e+001	
2.75650434e+000	2.41961306e+001	
2.75917278e+000	2.41227483e+001	
2.76184123e+000	2.40493661e+001	
2.76450967e+000	2.39759838e+001	
2.76717812e+000	2.39026016e+001	
2.76984656e+000	2.38292193e+001	
2.77251501e+000	2.37558371e+001	
2.77518346e+000	2.36824548e+001	
2.77785190e+000	2.36090726e+001	
2.78052035e+000	2.35356903e+001	
2.78318879e+000	2.34623080e+001	
2.78585724e+000	2.33889258e+001	
2.78852568e+000	2.33155435e+001	
2.79119413e+000	2.32421613e+001	
2.79386258e+000	2.31687790e+001	
2.79653102e+000	2.30953968e+001	
2.79919947e+000	2.30220145e+001	
2.80186791e+000	2.29486323e+001	
2.80453636e+000	2.28752500e+001	
2.80720480e+000	2.28018677e+001	
2.80987325e+000	2.27284855e+001	
2.81254169e+000	2.26551032e+001	
2.81521014e+000	2.25817210e+001	
2.81787859e+000	2.25083387e+001	
2.82054703e+000	2.24349565e+001	
2.82321548e+000	2.23615742e+001	
2.82588392e+000	2.22881920e+001	
2.82855237e+000	2.22148097e+001	
2.83122081e+000	2.21414274e+001	
2.83388926e+000	2.20680452e+001	
2.83655771e+000	2.19946629e+001	
2.83922615e+000	2.19212807e+001	
2.84189460e+000	2.18478984e+001	
2.84456304e+000	2.17745162e+001	
2.84723149e+000	2.17011339e+001	
2.84989993e+000	2.16277517e+001	
2.85256838e+000	2.15543694e+001	
2.85523682e+000	2.14809871e+001	
2.85790527e+000	2.14076049e+001	
2.86057372e+000	2.13342226e+001	
2.86324216e+000	2.12608404e+001	
2.86591061e+000	2.11874581e+001	
2.86857905e+000	2.11140759e+001	
2.87124750e+000	2.10406936e+001	
2.87391594e+000	2.09673114e+001	
2.87658439e+000	2.08939291e+001	
2.87925284e+000	2.08205468e+001	
2.88192128e+000	2.07471646e+001	
2.88458973e+000	2.06737823e+001	
2.88725817e+000	2.06004001e+001	
2.88992662e+000	2.05270178e+001	
2.89259506e+000	2.04536356e+001	
2.89526351e+000	2.03802533e+001	
2.89793195e+000	2.03068711e+001	
2.90060040e+000	2.02334888e+001	
2.90326885e+000	2.01601065e+001	
2.90593729e+000	2.00867243e+001	
2.90860574e+000	2.00133420e+001	
2.91127418e+000	1.99399598e+001	
2.91394263e+000	1.98665775e+001	
2.91661107e+000	1.97931953e+001	
2.91927952e+000	1.97198130e+001	
2.92194797e+000	1.96464308e+001	
2.92461641e+000	1.95730485e+001	
2.92728486e+000	1.94996662e+001	
2.92995330e+000	1.94262840e+001	
2.93262175e+000	1.93529017e+001	
2.93529019e+000	1.92795195e+001	
2.93795864e+000	1.92061372e+001	
2.94062708e+000	1.91327550e+001	
2.94329553e+000	1.90593727e+001	
2.94596398e+000	1.89859905e+001	
2.94863242e+000	1.89126082e+001	
2.95130087e+000	1.88392260e+001	
2.95396931e+000	1.87658437e+001	
2.95663776e+000	1.86924614e+001	
2.95930620e+000	1.86190792e+001	
2.96197465e+000	1.85456969e+001	
2.96464310e+000	1.84723147e+001	
2.96731154e+000	1.83989324e+001	
2.96997999e+000	1.83255502e+001	
2.97264843e+000	1.82521679e+001	
2.97531688e+000	1.81787856e+001	
2.97798532e+000	1.81054034e+001	
2.98065377e+000	1.80320211e+001	
2.98332221e+000	1.79586389e+001	
2.98599066e+000	1.78852566e+001	
2.98865911e+000	1.78118744e+001	
2.99132755e+000	1.77384921e+001	
2.99399600e+000	1.76651098e+001	
2.99666444e+000	1.75917276e+001	
2.99933289e+000	1.75183453e+001	
3.00200133e+000	1.74449631e+001	
3.00466978e+000	1.73715808e+001	
3.00733823e+000	1.72981985e+001	
3.01000667e+000	1.72248163e+001	
3.01267512e+000	1.71514340e+001	
3.01534356e+000	1.70780518e+001	
3.01801201e+000	1.70046695e+001	
3.02068045e+000	1.69312873e+001	
3.02334890e+000	1.68579050e+001	
3.02601734e+000	1.67845227e+001	
3.02868579e+000	1.67111405e+001	
3.03135424e+000	1.66377582e+001	
3.03402268e+000	1.65643760e+001	
3.03669113e+000	1.64909937e+001	
3.03935957e+000	1.64176114e+001	
3.04202802e+000	1.63442292e+001	
3.04469646e+000	1.62708469e+001	
3.04736491e+000	1.61974647e+001	
3.05003336e+000	1.61240824e+001	
3.05270180e+000	1.60507002e+001	
3.05537025e+000	1.59773179e+001	
3.05803869e+000	1.59039356e+001	
3.06070714e+000	1.58305534e+001	
3.06337558e+000	1.57571711e+001	
3.06604403e+000	1.56837889e+001	
3.06871247e+000	1.56104066e+001	
3.07138092e+000	1.55370243e+001	
3.07404937e+000	1.54636421e+001	
3.07671781e+000	1.53902598e+001	
3.07938626e+000	1.53168776e+001	
3.08205470e+000	1.52434953e+001	
3.08472315e+000	1.51701131e+001	
3.08739159e+000	1.50967308e+001	
3.09006004e+000	1.50233485e+001	
3.09272849e+000	1.49499663e+001	
3.09539693e+000	1.48765840e+001	
3.09806538e+000	1.48032018e+001	
3.10073382e+000	1.47298195e+001	
3.10340227e+000	1.46564372e+001	
3.10607071e+000	1.45830550e+001	
3.10873916e+000	1.45096727e+001	
3.11140761e+000	1.44362905e+001	
3.11407605e+000	1.43629082e+001	
3.11674450e+000	1.42895260e+001	
3.11941294e+000	1.42161437e+001	
3.12208139e+000	1.41427614e+001	
3.12474983e+000	1.40693792e+001	
3.12741828e+000	1.39959969e+001	
3.13008672e+000	1.39226147e+001	
3.13275517e+000	1.38492324e+001	
3.13542362e+000	1.37758501e+001	
3.13809206e+000	1.37024679e+001	
3.14076051e+000	1.36290856e+001	
3.14342895e+000	1.35557034e+001	
3.14609740e+000	1.34823211e+001	
3.14876584e+000	1.34089389e+001	
3.15143429e+000	1.33355566e+001	
3.15410274e+000	1.32621743e+001	
3.15677118e+000	1.31887921e+001	
3.15943963e+000	1.31154098e+001	
3.16210807e+000	1.30420276e+001	
3.16477652e+000	1.29686453e+001	
3.16744496e+000	1.28952631e+001	
3.17011341e+000	1.28218808e+001	
3.17278185e+000	1.27484985e+001	
3.17545030e+000	1.26751163e+001	
3.17811875e+000	1.26017340e+001	
3.18078719e+000	1.25283518e+001	
3.18345564e+000	1.24549695e+001	
3.18612408e+000	1.23815872e+001	
3.18879253e+000	1.23082050e+001	
3.19146097e+000	1.22348227e+001	
3.19412942e+000	1.21614405e+001	
3.19679787e+000	1.20880582e+001	
3.19946631e+000	1.20146760e+001	
3.20213476e+000	1.19412937e+001	
3.20480320e+000	1.18679114e+001	
3.20747165e+000	1.17945292e+001	
3.21014009e+000	1.17211469e+001	
3.21280854e+000	1.16477647e+001	
3.21547698e+000	1.15743824e+001	
3.21814543e+000	1.15010001e+001	
3.22081388e+000	1.14276179e+001	
3.22348232e+000	1.13542356e+001	
3.22615077e+000	1.12808534e+001	
3.22881921e+000	1.12074711e+001	
3.23148766e+000	1.11340889e+001	
3.23415610e+000	1.10607066e+001	
3.23682455e+000	1.09873243e+001	
3.23949300e+000	1.09139421e+001	
3.24216144e+000	1.08405598e+001	
3.24482989e+000	1.07671776e+001	
3.24749833e+000	1.06937953e+001	
3.25016678e+000	1.06204130e+001	
3.25283522e+000	1.05470308e+001	
3.25550367e+000	1.04736485e+001	
3.25817211e+000	1.04002663e+001	
3.26084056e+000	1.03268840e+001	
3.26350901e+000	1.02535018e+001	
3.26617745e+000	1.01801195e+001	
3.26884590e+000	1.01067372e+001	
3.27151434e+000	1.00333550e+001	
3.27418279e+000	9.95997272e+000	
3.27685123e+000	9.88659046e+000	
3.27951968e+000	9.81320820e+000	
3.28218813e+000	9.73982594e+000	
3.28485657e+000	9.66644369e+000	
3.28752502e+000	9.59306143e+000	
3.29019346e+000	9.51967917e+000	
3.29286191e+000	9.44629691e+000	
3.29553035e+000	9.37291465e+000	
3.29819880e+000	9.29953239e+000	
3.30086724e+000	9.22615014e+000	
3.30353569e+000	9.15276788e+000	
3.30620414e+000	9.07938562e+000	
3.30887258e+000	9.00600336e+000	
3.31154103e+000	8.93262110e+000	
3.31420947e+000	8.85923884e+000	
3.31687792e+000	8.78585659e+000	
3.31954636e+000	8.71247433e+000	
3.32221481e+000	8.63909207e+000	
3.32488326e+000	8.56570981e+000	
3.32755170e+000	8.49232755e+000	
3.33022015e+000	8.41894530e+000	
3.33288859e+000	8.34556304e+000	
3.33555704e+000	8.27218078e+000	
3.33822548e+000	8.19879852e+000	
3.34089393e+000	8.12541626e+000	
3.34356237e+000	8.05203400e+000	
3.34623082e+000	7.97865175e+000	
3.34889927e+000	7.90526949e+000	
3.35156771e+000	7.83188723e+000	
3.35423616e+000	7.75850497e+000	
3.35690460e+000	7.68512271e+000	
3.35957305e+000	7.61174045e+000	
3.36224149e+000	7.53835820e+000	
3.36490994e+000	7.46497594e+000	
3.36757839e+000	7.39159368e+000	
3.37024683e+000	7.31821142e+000	
3.37291528e+000	7.24482916e+000	
3.37558372e+000	7.17144690e+000	
3.37825217e+000	7.09806465e+000	
3.38092061e+000	7.02468239e+000	
3.38358906e+000	6.95130013e+000	
3.38625751e+000	6.87791787e+000	
3.38892595e+000	6.80453561e+000	
3.39159440e+000	6.73115335e+000	
3.39426284e+000	6.65777110e+000	
3.39693129e+000	6.58438884e+000	
3.39959973e+000	6.51100658e+000	
3.40226818e+000	6.43762432e+000	
3.40493662e+000	6.36424206e+000	
3.40760507e+000	6.29085980e+000	
3.41027352e+000	6.21747755e+000	
3.41294196e+000	6.14409529e+000	
3.41561041e+000	6.07071303e+000	
3.41827885e+000	5.99733077e+000	
3.42094730e+000	5.92394851e+000	
3.42361574e+000	5.85056626e+000	
3.42628419e+000	5.77718400e+000	
3.42895264e+000	5.70380174e+000	
3.43162108e+000	5.63041948e+000	
3.43428953e+000	5.55703722e+000	
3.43695797e+000	5.48365496e+000	
3.43962642e+000	5.41027271e+000	
3.44229486e+000	5.33689045e+000	
3.44496331e+000	5.26350819e+000	
3.44763175e+000	5.19012593e+000	
3.45030020e+000	5.11674367e+000	
3.45296865e+000	5.04336141e+000	
3.45563709e+000	4.96997916e+000	
3.45830554e+000	4.89659690e+000	
3.46097398e+000	4.82321465e+000	
3.46364243e+000	4.74983239e+000	
3.46631087e+000	4.67645013e+000	
3.46897932e+000	4.60306788e+000	
3.47164777e+000	4.52968562e+000	
3.47431621e+000	4.45630337e+000	
3.47698466e+000	4.38292111e+000	
3.47965310e+000	4.30953886e+000	
3.48232155e+000	4.23615660e+000	
3.48498999e+000	4.16277434e+000	
3.48765844e+000	4.08939209e+000	
3.49032688e+000	4.01600983e+000	
3.49299533e+000	3.94262758e+000	
3.49566378e+000	3.86924532e+000	
3.49833222e+000	3.79586307e+000	
3.50100067e+000	3.72248081e+000	
3.50366911e+000	3.64909855e+000	
3.50633756e+000	3.57571630e+000	
3.50900600e+000	3.50233404e+000	
3.51167445e+000	3.42895179e+000	
3.51434290e+000	3.35556953e+000	
3.51701134e+000	3.28218728e+000	
3.51967979e+000	3.20880502e+000	
3.52234823e+000	3.13542276e+000	
3.52501668e+000	3.06204051e+000	
3.52768512e+000	2.98865825e+000	
3.53035357e+000	2.91527600e+000	
3.53302201e+000	2.84189374e+000	
3.53569046e+000	2.76851149e+000	
3.53835891e+000	2.69512923e+000	
3.54102735e+000	2.62174697e+000	
3.54369580e+000	2.54836472e+000	
3.54636424e+000	2.47498246e+000	
3.54903269e+000	2.40160021e+000	
3.55170113e+000	2.32821795e+000	
3.55436958e+000	2.25483570e+000	
3.55703803e+000	2.18145344e+000	
3.55970647e+000	2.10807118e+000	
3.56237492e+000	2.03468893e+000	
3.56504336e+000	1.96130667e+000	
3.56771181e+000	1.88792442e+000	
3.57038025e+000	1.81454216e+000	
3.57304870e+000	1.74115991e+000	
3.57571714e+000	1.66777765e+000	
3.57838559e+000	1.59439539e+000	
3.58105404e+000	1.52101314e+000	
3.58372248e+000	1.44763088e+000	
3.58639093e+000	1.37424863e+000	
3.58905937e+000	1.30086637e+000	
3.59172782e+000	1.22748412e+000	
3.59439626e+000	1.15410186e+000	
3.59706471e+000	1.08071960e+000	
3.59973316e+000	1.00733735e+000	
3.60240160e+000	9.33955093e-001	
3.60507005e+000	8.60572837e-001	
3.60773849e+000	7.87190581e-001	
3.61040694e+000	7.13808326e-001	
3.61307538e+000	6.40426070e-001	
3.61574383e+000	5.67043814e-001	
3.61841227e+000	4.93661558e-001	
3.62108072e+000	4.20279303e-001	
3.62374917e+000	3.46897047e-001	
3.62641761e+000	2.73514791e-001	
3.62908606e+000	2.00132536e-001	
3.63175450e+000	1.26750280e-001	
3.63442295e+000	5.33680241e-002	
3.63709139e+000	-2.00142316e-002	
3.63975984e+000	-9.33964873e-002	
3.64242829e+000	-1.66778743e-001	
3.64509673e+000	-2.40160999e-001	
3.64776518e+000	-3.13543254e-001	
3.65043362e+000	-3.86925510e-001	
3.65310207e+000	-4.60307766e-001	
3.65577051e+000	-5.33690022e-001	
3.65843896e+000	-6.07072277e-001	
3.66110740e+000	-6.80454533e-001	
3.66377585e+000	-7.53836789e-001	
3.66644430e+000	-8.27219044e-001	
3.66911274e+000	-9.00601300e-001	
3.67178119e+000	-9.73983556e-001	
3.67444963e+000	-1.04736581e+000	
3.67711808e+000	-1.12074807e+000	
3.67978652e+000	-1.19413032e+000	
3.68245497e+000	-1.26751258e+000	
3.68512342e+000	-1.34089483e+000	
3.68779186e+000	-1.41427709e+000	
3.69046031e+000	-1.48765935e+000	
3.69312875e+000	-1.56104160e+000	
3.69579720e+000	-1.63442386e+000	
3.69846564e+000	-1.70780611e+000	
3.70113409e+000	-1.78118835e+000	
3.70380254e+000	-1.85457060e+000	
3.70647098e+000	-1.92795284e+000	
3.70913943e+000	-2.00133509e+000	
3.71180787e+000	-2.07471733e+000	
3.71447632e+000	-2.14809958e+000	
3.71714476e+000	-2.22148183e+000	
3.71981321e+000	-2.29486407e+000	
3.72248165e+000	-2.36824632e+000	
3.72515010e+000	-2.44162856e+000	
3.72781855e+000	-2.51501081e+000	
3.73048699e+000	-2.58839305e+000	
3.73315544e+000	-2.66177530e+000	
3.73582388e+000	-2.73515754e+000	
3.73849233e+000	-2.80853979e+000	
3.74116077e+000	-2.88192203e+000	
3.74382922e+000	-2.95530428e+000	
3.74649767e+000	-3.02868652e+000	
3.74916611e+000	-3.10206877e+000	
3.75183456e+000	-3.17545102e+000	
3.75450300e+000	-3.24883326e+000	
3.75717145e+000	-3.32221551e+000	
3.75983989e+000	-3.39559775e+000	
3.76250834e+000	-3.46898000e+000	
3.76517678e+000	-3.54236224e+000	
3.76784523e+000	-3.61574449e+000	
3.77051368e+000	-3.68912673e+000	
3.77318212e+000	-3.76250898e+000	
3.77585057e+000	-3.83589122e+000	
3.77851901e+000	-3.90927347e+000	
3.78118746e+000	-3.98265572e+000	
3.78385590e+000	-4.05603796e+000	
3.78652435e+000	-4.12942021e+000	
3.78919280e+000	-4.20280245e+000	
3.79186124e+000	-4.27618470e+000	
3.79452969e+000	-4.34956694e+000	
3.79719813e+000	-4.42294919e+000	
3.79986658e+000	-4.49633143e+000	
3.80253502e+000	-4.56971368e+000	
3.80520347e+000	-4.64309592e+000	
3.80787191e+000	-4.71647817e+000	
3.81054036e+000	-4.78986042e+000	
3.81320881e+000	-4.86324266e+000	
3.81587725e+000	-4.93662491e+000	
3.81854570e+000	-5.01000715e+000	
3.82121414e+000	-5.08338940e+000	
3.82388259e+000	-5.15677164e+000	
3.82655103e+000	-5.23015389e+000	
3.82921948e+000	-5.30353613e+000	
3.83188793e+000	-5.37691838e+000	
3.83455637e+000	-5.45030062e+000	
3.83722482e+000	-5.52368287e+000	
3.83989326e+000	-5.59706511e+000	
3.84256171e+000	-5.67044736e+000	
3.84523015e+000	-5.74382961e+000	
3.84789860e+000	-5.81721185e+000	
3.85056704e+000	-5.89059410e+000	
3.85323549e+000	-5.96397634e+000	
3.85590394e+000	-6.03735859e+000	
3.85857238e+000	-6.11074083e+000	
3.86124083e+000	-6.18412308e+000	
3.86390927e+000	-6.25750532e+000	
3.86657772e+000	-6.33088757e+000	
3.86924616e+000	-6.40426981e+000	
3.87191461e+000	-6.47765206e+000	
3.87458306e+000	-6.55103431e+000	
3.87725150e+000	-6.62441655e+000	
3.87991995e+000	-6.69779880e+000	
3.88258839e+000	-6.77118104e+000	
3.88525684e+000	-6.84456329e+000	
3.88792528e+000	-6.91794553e+000	
3.89059373e+000	-6.99132778e+000	
3.89326217e+000	-7.06471002e+000	
3.89593062e+000	-7.13809227e+000	
3.89859907e+000	-7.21147451e+000	
3.90126751e+000	-7.28485676e+000	
3.90393596e+000	-7.35823900e+000	
3.90660440e+000	-7.43162125e+000	
3.90927285e+000	-7.50500350e+000	
3.91194129e+000	-7.57838574e+000	
3.91460974e+000	-7.65176799e+000	
3.91727819e+000	-7.72515023e+000	
3.91994663e+000	-7.79853248e+000	
3.92261508e+000	-7.87191472e+000	
3.92528352e+000	-7.94529697e+000	
3.92795197e+000	-8.01867921e+000	
3.93062041e+000	-8.09206146e+000	
3.93328886e+000	-8.16544370e+000	
3.93595730e+000	-8.23882595e+000	
3.93862575e+000	-8.31220820e+000	
3.94129420e+000	-8.38559045e+000	
3.94396264e+000	-8.45897270e+000	
3.94663109e+000	-8.53235495e+000	
3.94929953e+000	-8.60573720e+000	
3.95196798e+000	-8.67911946e+000	
3.95463642e+000	-8.75250171e+000	
3.95730487e+000	-8.82588396e+000	
3.95997332e+000	-8.89926621e+000	
3.96264176e+000	-8.97264847e+000	
3.96531021e+000	-9.04603072e+000	
3.96797865e+000	-9.11941297e+000	
3.97064710e+000	-9.19279522e+000	
3.97331554e+000	-9.26617747e+000	
3.97598399e+000	-9.33955973e+000	
3.97865243e+000	-9.41294198e+000	
3.98132088e+000	-9.48632423e+000	
3.98398933e+000	-9.55970648e+000	
3.98665777e+000	-9.63308874e+000	
3.98932622e+000	-9.70647099e+000	
3.99199466e+000	-9.77985324e+000	
3.99466311e+000	-9.85323549e+000	
3.99733155e+000	-9.92661775e+000	
4.00000000e+000	-1.00000000e+001	
